ID_ESTADO|ID_DISTRITO|ID_CURCUNSCRIPCION|NUM_VOTOS_NULOS|NUM_VOTOS_CAN_NREG|NUMERO_VOTOS_VALIDOS|TOTAL_VOTOS|PAN|PRI|PRD|PVEM|PT|MC|PANAL
1|1|2|12118|116|139417|151535|39608|48006|9931|7923|5725|2354|25754
1|2|2|14746|316|165430|180176|51868|51427|19674|9863|6389|5336|20557
1|3|2|12132|211|144979|157111|57879|45798|14269|8126|3808|3279|11609
2|1|1|3911|69|135650|139561|46166|46984|16631|10025|3690|3648|8437
2|3|1|3892|73|145086|148978|34343|52368|30660|9264|8760|4609|5009
2|5|1|3735|131|142574|146309|49071|37277|27752|10341|6786|5709|5507
2|7|1|4421|93|167527|171948|47966|60217|26392|13752|7447|4980|6680
3|1|1|9687|73|107038|116725|43546|34617|12851|2261|5564|3553|4573
4|1|3|17689|157|183529|201218|50947|84263|17309|4271|4669|7402|14511
4|2|3|7104|72|174166|181270|58762|67996|19590|10756|6128|5639|5223
5|1|2|11173|90|142799|153972|55600|57821|13006|5607|3654|2473|4548
5|2|2|11806|61|168788|180594|61822|68066|19066|5314|5436|3193|5830
5|3|2|11423|91|167544|178967|69921|58451|17665|8817|4982|3285|4332
5|4|2|12553|85|143509|156062|48677|61712|14017|5677|4244|2412|6685
5|5|2|13316|81|162907|176223|56992|65046|20143|6144|5654|3223|5624
5|6|2|11924|129|178788|190712|76960|50999|27570|4631|6660|4118|7721
5|7|2|9872|68|136452|146324|54405|52343|11941|3745|3602|1985|8363
6|1|5|5758|110|161942|167700|57609|61872|17395|7377|10671|3071|3837
6|2|5|3944|42|129693|133637|50661|56057|9421|6956|3088|1645|1823
7|1|3|11915|38|187287|199202|25702|47424|39549|54287|12676|4650|2961
7|3|3|13597|42|158824|172421|23479|39837|27791|46973|5427|2641|12634
7|5|3|11581|105|156727|168308|19137|58493|31196|34329|5467|3428|4572
7|7|3|8012|64|131295|139307|30817|31880|20797|27121|7941|2909|9766
7|8|3|15653|93|163808|179461|10913|40910|22030|72181|8207|2678|6796
7|9|3|13357|230|155618|168975|21959|28766|41167|32458|9321|6487|15230
7|10|3|14775|49|149361|164136|30210|35694|20620|47750|4993|2511|7534
7|11|3|10847|59|160848|171695|30221|46306|31211|38255|9239|2828|2729
7|12|3|8561|106|145785|154346|45385|40957|18180|21657|5625|3209|10666
8|7|1|14906|98|140244|155150|32366|66791|17842|6846|5356|3102|7843
8|8|1|15727|164|160133|175860|55360|63092|14568|8361|5895|2754|9939
9|4|4|5184|158|161423|166607|24013|26901|64806|9260|19090|12075|5120
9|6|4|5488|181|163616|169104|22278|32224|68037|9596|14586|11246|5468
9|8|4|6386|211|185675|192061|37208|39524|65762|11127|15233|11345|5265
9|11|4|5251|193|155299|160550|24928|29962|62649|8816|13764|10013|4974
9|12|4|6578|180|170836|177414|33622|37326|58174|11299|14129|10500|5606
9|14|4|5606|158|164008|169614|21860|27657|69417|9876|17842|11992|5206
9|16|4|6683|192|185590|192273|38884|32136|69843|10531|15795|11473|6736
9|18|4|4895|174|152597|157492|18802|29674|62616|9645|15267|11145|5274
9|19|4|4725|110|150635|155360|14769|23951|68547|8416|17608|12371|4863
9|22|4|4792|142|148624|153416|12742|23855|66529|9215|18787|12537|4817
9|23|4|6814|234|188284|195098|37781|27565|79642|7880|17918|12496|4768
9|26|4|7745|442|195007|202752|50560|40724|61085|9996|16465|9972|5763
9|27|4|5248|186|153511|158759|16830|31630|61868|10688|14668|10222|7419
10|2|1|16082|82|169905|185987|52503|74525|21569|5918|6465|3642|5201
10|3|1|14985|46|152108|167093|49051|73124|9035|6872|8464|1878|3638
11|1|2|6939|73|124389|131328|49262|46181|9254|10213|2499|1316|5591
11|2|2|8494|63|133043|141537|58889|42192|11028|9600|2572|2655|6044
11|3|2|8541|131|187874|196415|84895|67593|8501|16901|2093|1731|6029
11|4|2|9194|116|161969|171163|65280|59471|12219|12284|3331|2507|6761
11|5|2|8637|132|188153|196790|90437|64141|8105|16546|1942|1720|5130
11|6|2|8259|139|185204|193463|82495|64999|8911|18167|2310|1926|6257
11|7|2|6457|64|159526|165983|66851|61253|10540|13925|1740|1350|3803
11|8|2|7790|70|177836|185626|81077|52443|13642|13262|3759|3138|10445
11|9|2|6472|85|161635|168107|70951|63478|8644|10103|2252|2158|3964
11|10|2|7291|80|141987|149278|61038|38133|13313|16149|3740|2070|7464
11|11|2|6307|26|139351|145658|58503|52399|11100|10115|2946|1300|2962
11|13|2|6900|59|144487|151387|61687|30420|24120|13171|3126|2340|9564
12|3|4|11876|28|140810|152686|6753|54241|53978|2745|5380|5696|11989
12|4|4|6047|109|144567|150614|13108|40741|45430|13695|8681|18479|4324
12|7|4|12660|97|148962|161622|13385|45506|62176|5515|7625|11099|3559
12|8|4|13603|55|140823|154426|30256|34962|49933|11040|8484|3309|2784
13|3|5|12246|53|166362|178608|20785|64373|37677|8600|9948|4537|20389
13|4|5|10841|67|136492|147333|42733|52064|21090|7273|4183|2366|6716
13|7|5|14703|48|172212|186915|33371|64850|32666|7562|7849|5654|20212
14|2|1|6479|90|159722|166201|65457|60838|7811|11396|1579|7831|4720
14|3|1|7324|191|164095|171419|67280|64345|4509|9037|1597|13651|3485
14|6|1|9304|230|195655|204959|73909|64456|13086|12230|4201|22389|5154
14|7|1|5995|128|158788|164783|40499|61451|11111|13012|5635|21400|5552
14|10|1|8672|226|175117|183789|66573|48789|12840|11913|4548|25842|4386
14|11|1|5624|117|155353|160977|39833|56821|11033|11728|4677|26411|4733
14|12|1|9959|157|249992|259951|61861|78582|20729|17787|6462|56854|7560
14|13|1|6553|160|166546|173099|49122|57658|11979|11734|4534|26189|5170
14|15|1|6230|70|161083|167313|53818|61804|13816|9871|6719|10240|4745
14|17|1|6336|90|175844|182180|53965|64060|12974|11427|5178|20390|7760
14|19|1|6291|59|169735|176026|47277|62921|21986|9261|4412|15167|8652
15|1|5|6488|50|165666|172154|36754|84382|17427|10950|6264|5576|4263
15|3|5|6634|78|147008|153642|35742|71692|13739|10312|3248|5455|6742
15|4|5|5386|111|194053|199439|42059|64231|46239|13726|9279|10833|7575
15|7|5|5677|196|197086|202763|54086|58217|46279|11937|11509|7341|7521
15|8|5|3766|86|135202|138968|21392|47307|36526|10162|6460|6563|6706
15|11|5|4576|154|157609|162185|26902|55979|42081|11866|7925|6566|6136
15|12|5|6917|712|205310|212227|35991|66345|57850|14857|9508|10939|9108
15|14|5|4871|122|166425|171296|47223|50445|36742|10901|8563|6513|5916
15|15|5|5667|130|171460|177127|61462|47256|34173|9817|7395|5537|5690
11|12|2|7643|54|158951|166594|65326|51435|14854|14627|3661|3042|5952
11|14|2|7107|42|133989|141096|50322|37417|21988|10500|3090|6819|3811
7|2|3|9466|61|150890|160356|15688|55852|35286|28935|7158|1761|6149
7|4|3|11018|80|160278|171296|26959|43883|24856|42007|6202|3689|12602
7|6|3|12355|140|165765|178120|34360|44240|30231|40347|6923|3895|5629
20|2|3|8692|66|127064|135756|26280|44582|35788|2633|6093|10615|1007
20|3|3|11902|495|138582|150484|25025|49468|38560|5673|7834|7510|4017
20|6|3|10368|98|117666|128034|14600|29462|43584|5083|10083|11820|2936
20|8|3|12409|282|169114|181523|39239|40093|51443|10786|10033|9849|7389
20|11|3|10251|30|143732|153983|19133|47949|57538|3486|8140|5716|1740
23|1|3|7335|187|236702|244037|44822|78745|64879|19446|12095|8768|7760
27|2|3|5618|34|155892|161510|4867|60338|69452|6006|8281|5126|1788
27|3|3|6053|42|180506|186559|6369|59584|88694|5720|9661|6582|3854
27|6|3|6771|110|196795|203566|10496|67516|83789|9063|11702|10802|3317
30|3|3|4389|79|143882|148271|50085|57947|17695|8978|3464|2471|3163
30|4|3|5035|105|166889|171924|82326|46088|18929|7177|4371|4208|3685
30|7|3|5180|44|152300|157480|52087|57582|18941|8977|4334|2979|7356
9|9|4|5417|179|164606|170023|24460|36941|63370|11684|13025|10371|4576
30|10|3|7631|209|175730|183361|46290|36298|57168|7807|10670|8692|8596
9|10|4|7494|223|204421|211915|63020|42187|61380|9968|12679|9409|5555
30|11|3|4469|83|177825|182294|22876|70309|57565|9948|8171|6579|2294
30|13|3|5607|71|179899|185506|90652|53198|17532|8917|3577|3428|2524
9|13|4|5448|155|155212|160660|24923|32191|59802|9155|13825|9567|5594
18|2|1|12876|120|156431|169307|27672|68157|28129|5481|7786|6185|12901
9|24|4|7076|256|185088|192164|51226|34952|62583|8463|14042|9234|4332
25|6|1|11161|82|125893|137054|41028|57738|11484|3052|2370|1585|8554
9|25|4|5842|202|162455|168297|22251|26714|67615|9979|18074|11929|5691
12|1|4|9216|87|140618|149834|8905|54560|60355|4277|3949|7040|1445
12|2|4|11430|125|151142|162572|24480|49541|53138|7113|7403|4248|5094
25|8|1|11740|156|121233|132973|44350|41289|13927|5782|4925|3445|7359
12|5|4|11119|39|156788|167907|15626|48213|60071|2401|17362|10802|2274
26|2|1|11795|97|145869|157664|64704|57859|10348|3859|3192|2481|3329
12|6|4|13191|77|153764|166955|13654|58105|49449|6495|10617|12031|3336
26|4|1|12710|48|148652|161362|32076|58390|19694|3899|6316|4055|24174
12|9|4|6332|124|134950|141282|14248|41386|44682|10429|7738|12544|3799
26|6|1|12698|82|156660|169358|48272|75019|19480|2267|5281|3520|2739
26|7|1|11680|49|151225|162905|67967|51339|19962|2651|3295|1785|4177
17|4|4|7427|95|148987|156414|26157|46848|39444|12196|11045|8799|4403
15|19|5|4420|137|156233|160653|35638|50720|40882|10397|8072|5704|4683
15|20|5|3527|167|135105|138632|17961|44426|43747|8905|7677|8415|3807
15|22|5|3863|117|132738|136601|43212|41926|25663|8390|5933|3858|3639
15|24|5|3356|154|123910|127266|25061|47930|27553|9468|5906|4309|3529
15|25|5|3752|86|141490|145242|15032|56997|38748|11964|7555|6264|4844
15|28|5|6251|234|243732|249983|56777|96103|45181|16810|8590|7817|12220
15|29|5|3454|104|132568|136022|14012|44291|45012|8854|7606|8687|4002
15|32|5|3989|76|138403|142392|12907|44847|48215|9971|8055|9256|5076
15|33|5|7097|177|198329|205426|27463|72344|45600|12545|10056|22611|7533
15|35|5|6014|77|160908|166922|28219|70418|30636|9461|8081|7392|6624
15|36|5|6621|47|162352|168973|31658|67445|48841|5411|5021|1645|2284
15|39|5|5032|143|165605|170637|14677|59054|53251|12968|8474|10221|6817
15|40|5|6244|116|159291|165535|34057|72352|25152|10188|6879|4416|6131
16|3|5|13301|66|115218|128519|20369|40871|34766|5669|6891|3081|3505
16|4|5|11005|49|124699|135704|37678|50432|23758|4307|3238|2346|2891
16|6|5|14993|66|119767|134760|34456|41760|25620|5492|4829|3116|4428
16|7|5|11557|61|127331|138888|27651|42266|37351|7289|6161|3222|3330
16|10|5|10237|246|148011|158248|47295|56889|19496|12154|4083|3768|4080
16|11|5|12943|86|123122|136065|20612|39743|43910|5935|5596|3640|3600
17|1|4|9152|232|178807|187959|42779|45779|50368|12044|10743|9164|7698
17|2|4|7972|213|167959|175931|34191|43894|49739|13852|8770|6710|10590
17|3|4|8115|181|164367|172482|28745|40286|48759|17356|10259|9679|9102
17|5|4|8078|128|151966|160044|45677|35165|36776|10639|10287|7083|6211
18|1|1|10195|25|125550|135745|21601|60184|28891|3116|5780|3329|2624
18|3|1|13524|80|149639|163163|38555|67113|20861|4439|8974|4493|5124
19|1|2|5320|125|166619|171939|92295|40944|10673|7054|6034|2988|6506
19|2|2|4206|91|175579|179785|58347|75787|13397|10095|6656|2426|8780
19|3|2|4281|86|179732|184013|73098|71472|12441|8535|6935|2188|4977
19|4|2|4325|93|159640|163965|87409|36076|13394|6692|6543|2283|7150
19|5|2|3998|87|120390|124388|36614|52772|7302|7542|10684|1641|3748
19|6|2|4722|177|144263|148985|69931|43569|10817|6078|5840|2183|5668
19|7|2|4101|87|124094|128195|52489|41011|10664|5454|5933|2141|6315
19|8|2|4293|94|152497|156790|67330|49078|12799|6935|6148|2455|7658
19|9|2|7254|44|176381|183635|46679|81395|6859|7269|11717|1449|20969
19|10|2|5120|122|137168|142288|56999|48776|12554|7434|4493|2330|4460
19|11|2|4293|77|148994|153287|56248|56586|12157|7655|6488|2350|7433
19|12|2|8313|203|266307|274620|85824|113216|23462|13023|14510|3598|12471
20|1|3|9996|53|143688|153684|44954|42936|30624|4305|7161|10180|3475
20|4|3|10521|95|117591|128112|26147|32475|34136|5056|8000|4799|6883
20|5|3|7744|47|129636|137380|17654|38369|54999|2359|8280|6644|1284
20|7|3|11543|40|141168|152711|20043|59325|43961|2624|8947|4825|1403
20|9|3|11534|145|133734|145268|34858|35609|39110|6458|6907|5962|4685
20|10|3|10776|72|121269|132045|32667|25700|30538|19458|6420|4562|1852
21|1|4|8664|63|157707|166371|51332|55012|22679|10190|9890|4711|3830
21|4|4|8120|21|147488|155608|34504|51692|21658|8826|10626|3655|16506
21|5|4|5489|64|139136|144625|35216|42952|19751|10532|9119|4797|16705
21|8|4|4937|55|126209|131146|35922|34804|23778|8792|11981|5315|5562
21|9|4|6028|114|169009|175037|60070|30424|33486|9406|13075|9048|13386
21|11|4|6480|182|178786|185266|67274|37980|31646|11942|13214|8378|8170
21|13|4|4411|63|124448|128859|41015|39362|18330|7423|8663|4425|5167
21|14|4|5441|52|121707|127148|18478|43651|26144|8525|9861|5321|9675
22|1|2|15599|57|188262|203861|56844|86529|15043|11083|4024|6924|7758
22|2|2|11191|176|199890|211081|74289|66011|20352|12984|6503|4951|14624
22|3|2|14903|171|197284|212187|88015|60241|22350|8034|5324|7889|5260
22|4|2|16146|195|207727|223873|81798|73875|26349|7716|5416|7194|5184
23|2|3|5552|68|152214|157766|21691|57313|35738|10041|10819|4741|11803
23|3|3|5117|192|128040|133157|38266|32836|35568|7819|5697|4169|3493
24|1|2|18524|120|139693|158217|40685|57838|10105|7595|11944|7617|3789
24|2|2|10550|272|150502|161052|43506|43318|26320|15334|6663|4461|10628
24|3|2|16420|56|136365|152785|50166|57965|8833|4335|7690|3093|4227
24|4|2|14203|73|129775|143978|37264|45184|15965|9127|6525|7750|7887
24|5|2|9460|378|157558|167018|73680|33812|20849|12453|5497|4785|6104
25|2|1|11473|88|161439|172912|56318|48019|21527|5313|3895|3157|23122
25|4|1|9729|30|116927|126656|14983|40026|21727|3394|2423|1839|32505
25|7|1|13400|102|133145|146545|27833|62203|15689|4822|3918|2938|15640
26|1|1|9593|50|140660|150253|67683|51610|11149|2887|2958|1891|2432
26|3|1|8298|79|143127|151425|62753|60048|9157|1503|2503|1779|5305
26|5|1|7913|111|135724|143637|71278|47347|8648|1663|2772|1687|2218
27|1|3|5672|37|158247|163919|15279|62144|57648|5907|7682|8149|1401
27|4|3|5079|63|173871|178950|7927|46448|83975|7276|13500|11698|2984
27|5|3|6339|41|185574|191913|16472|62199|82510|5828|9635|6256|2633
28|1|2|10791|100|162965|173756|77005|48971|16462|3846|3087|2331|11163
28|2|2|10814|71|163532|174346|61919|58191|20376|6267|5736|3955|7017
28|5|2|11099|74|169576|180675|52762|70258|16335|4700|7275|3641|14531
28|6|2|10423|50|156476|166899|59703|60483|10939|10348|2636|1689|10628
28|8|2|7973|98|156634|164607|73558|46662|20484|4578|3458|3022|4774
29|1|4|16879|93|157391|174270|43164|48733|29828|7701|8120|5547|14205
29|2|4|13613|125|167951|181564|37412|47948|40033|10821|12528|7986|11098
30|1|3|4108|36|136074|140182|51595|56890|12769|7713|2536|1915|2620
30|2|3|5988|55|169868|175856|63601|65689|24258|7381|4364|1531|2989
30|5|3|4707|102|148166|152873|44780|56385|22097|7700|4333|2975|9794
30|6|3|4309|45|139795|144104|39511|47879|28966|6874|6030|6712|3778
30|8|3|6198|107|193659|199857|67652|60586|37325|9541|7783|6341|4324
30|9|3|6583|60|169625|176208|57219|62648|27205|8790|6016|3880|3807
30|12|3|4502|133|161966|166468|72648|39107|27086|6402|6034|7848|2708
30|14|3|4635|89|151908|156543|37964|62113|32072|7811|5824|4068|1967
30|17|3|6234|92|192508|198742|84372|61452|23352|9738|5302|3979|4221
30|18|3|7151|89|165495|172646|44954|59688|39298|9529|5061|4099|2777
30|19|3|5847|59|147017|152864|51589|49110|25678|8242|5116|3780|3443
30|20|3|5100|34|149613|154713|56380|57370|17394|7765|5197|3094|2379
30|21|3|5162|36|164467|169629|35232|60357|48617|7232|6342|4900|1751
31|1|3|4023|47|197177|201200|80368|90128|12261|7148|1738|1022|4465
31|2|3|5647|54|205668|211315|78285|92823|12938|12275|3108|1844|4341
31|3|3|6316|145|214291|220607|88128|86537|16800|10701|3793|3691|4496
31|4|3|6000|130|198245|204245|90391|75114|14307|8425|2932|2812|4134
31|5|3|5792|53|209349|215141|83815|92698|16353|8226|4300|1416|2488
32|1|2|5026|46|155747|160773|22344|70569|15523|16229|22079|2722|6235
32|2|2|5714|41|151496|157210|39525|64044|22217|12533|4987|2175|5974
32|3|2|6449|161|158188|164637|29583|70377|22563|15318|9176|3549|7461
32|4|2|7130|178|167073|174203|27680|76367|24823|17665|9203|3090|8067
30|15|3|6241|93|178789|185030|48202|76564|29761|10201|6141|4343|3484
30|16|3|6586|203|181600|188186|67542|55908|32234|8255|6407|6751|4300
24|6|2|9138|454|152657|161795|57908|39602|22080|13066|5465|5234|8848
24|7|2|21147|301|156410|177557|51817|52639|21716|6761|7297|8181|7698
28|3|2|12702|111|210322|223024|79169|76186|29997|5881|7396|4034|7548
28|4|2|11519|67|148765|160284|57486|55347|14074|5868|3941|3014|8968
28|7|2|9417|118|177550|186967|63710|52340|38038|6489|6348|4386|6121
2|2|1|3911|116|138892|142803|52346|46652|17750|8755|3448|3693|6132
2|4|1|3751|56|155903|159654|42502|43419|29104|11226|12824|5998|10774
2|6|1|4160|90|156028|160188|44141|51828|27964|12268|6526|6408|6803
2|8|1|4154|143|180097|184251|49972|55237|37234|13369|8716|7827|7599
3|2|1|11554|108|124289|135843|46037|42299|16691|4480|5237|4385|5052
8|1|1|17221|127|158784|176005|31681|62022|28729|12598|8457|5578|9592
8|2|1|9471|46|78970|88441|18230|31611|12789|5391|4226|2570|4107
8|3|1|9958|145|122776|132734|39853|36668|21335|7511|5282|4238|7744
8|4|1|10820|67|90716|101536|20833|32075|15545|6913|5960|3267|6056
8|5|1|12861|74|161352|174213|53426|73145|13960|4904|4064|2354|9425
8|6|1|14078|161|164874|178952|64120|64509|14859|6518|3629|2694|8384
8|9|1|15002|132|134807|149809|34232|77936|7113|3341|2622|1099|8332
10|1|1|12857|88|136242|149099|37513|67967|6876|3635|15267|1612|3284
10|4|1|11217|98|171013|182230|42593|63980|14816|3901|37110|3900|4615
14|1|1|5573|49|167186|172759|54428|66226|14275|8155|5293|12812|5948
14|4|1|6651|208|171676|178327|48187|64794|11783|12395|4587|23889|5833
14|5|1|6485|92|176741|183226|48174|60426|18228|8650|5226|29237|6708
14|8|1|7336|163|167353|174689|57889|56890|12076|10076|3963|22128|4168
14|9|1|6332|140|156082|162414|41860|55549|11657|11520|5406|24920|5030
9|1|4|4566|103|136931|141497|15474|22916|61169|8180|14683|10049|4357
9|2|4|6230|193|173686|179916|45956|34170|55841|9503|13740|9200|5083
14|14|1|6652|118|163179|169831|50349|52715|11178|14038|4423|26015|4343
9|3|4|6034|188|181935|187969|35787|37075|66499|10220|14759|11337|6070
9|5|4|6170|235|163137|169307|48464|28481|52429|7231|13491|8580|4226
14|16|1|6437|114|173590|180027|47718|61208|12119|13453|4615|29275|5088
9|7|4|6001|218|180941|186942|28572|38386|69676|11565|15483|11589|5452
14|18|1|6739|68|177494|184233|63748|60217|14945|7299|2825|17090|11302
9|15|4|9264|247|233097|242361|86798|44252|61210|10256|15402|9568|5364
9|17|4|7900|225|202027|209927|48545|39869|67298|12961|15225|10158|7746
25|1|1|10446|40|125133|135579|51532|54246|9767|2176|1597|1050|4725
9|20|4|6142|188|177952|184094|31382|34345|64001|10304|19076|11926|6730
25|3|1|13447|88|140045|153492|42852|62470|13995|4604|2898|2374|10764
9|21|4|6003|165|159967|165970|19783|32617|63618|10295|16481|10611|6397
25|5|1|13463|191|160179|173642|35363|70390|23741|4538|6219|4602|15135
21|2|4|6694|63|144701|151395|33572|53694|19293|12886|8653|3927|12613
21|3|4|6602|55|144248|150850|51974|44748|17141|9877|9583|4314|6556
21|6|4|6185|176|173526|179711|51979|43254|32804|12179|13214|8413|11507
21|7|4|5427|137|135306|140733|25841|36885|27196|9799|10945|5575|18928
21|10|4|6273|124|163544|169817|66232|33444|27611|9096|11746|7310|7981
21|12|4|6179|156|178994|185173|58904|38778|35065|10325|13157|8448|14161
21|15|4|5188|101|141147|146335|38284|41050|22807|9368|10631|5302|13604
21|16|4|14712|48|119291|134003|26663|48887|13766|2668|7406|2689|17164
29|3|4|13540|58|151347|164887|37763|38265|38145|4715|11010|8144|13247
13|1|5|13089|85|157404|170493|30776|69591|35167|2693|5370|2684|11038
13|2|5|11513|79|151746|163259|22479|58846|37278|6231|11928|4049|10856
13|5|5|12997|61|171981|184978|27159|67273|44681|11625|7260|5459|8463
13|6|5|11813|124|174583|186396|53892|56330|30927|6401|7363|5677|13869
15|2|5|5298|114|173853|179151|40009|62656|35191|11411|6514|11172|6786
15|5|5|6061|92|204439|210500|33729|78710|50749|13037|11420|10734|5968
15|6|5|5532|147|195895|201427|43183|58820|55211|12349|8954|7209|10022
15|9|5|7630|91|175208|182838|31308|83743|16157|13096|9277|14467|7069
15|10|5|5020|144|186190|191210|28624|65214|50894|16262|9751|8072|7229
15|13|5|3951|123|143351|147302|19691|50720|41769|11140|8329|6481|5098
15|16|5|4991|125|167753|172744|24429|59990|46727|12864|9483|6830|7305
15|17|5|4479|114|153529|158008|20213|49553|46236|11532|8856|7241|9784
15|18|5|6270|122|196880|203150|53900|70866|37108|12137|11445|5069|6233
15|21|5|4310|115|147069|151379|45247|49748|27542|10019|5823|4070|4505
15|23|5|8448|60|180078|188526|40636|74784|34539|10957|9426|3407|6269
15|26|5|5926|146|185122|191048|48324|81330|24231|14337|5243|3476|8035
15|27|5|6378|156|185791|192169|46119|78022|25547|11525|12718|5255|6449
15|30|5|3793|147|134142|137935|14556|40510|48834|8322|8480|8860|4433
15|31|5|3685|135|131310|134995|12477|40986|49098|8230|7362|8928|4094
15|34|5|5774|152|180042|185816|49902|76070|26196|11726|4875|3493|7628
15|37|5|4443|133|161611|166054|28213|53595|41534|11203|7954|10914|8065
15|38|5|6442|808|165868|172310|18595|47112|46620|10859|8520|25555|7799
16|1|5|10305|72|115235|125540|17069|47593|35687|3538|5232|3288|2756
16|2|5|13553|85|121785|135338|24000|42908|35949|5478|5767|3592|4006
16|5|5|12307|69|131104|143411|40809|46724|25290|6443|4745|2949|4075
16|8|5|8455|139|139096|147551|33410|58938|21165|12995|3923|3737|4789
16|9|5|14608|118|130617|145225|34691|44320|30691|7805|5651|3213|4128
16|12|5|9405|61|102617|112022|21023|42382|28000|3474|3765|2073|1839
