891
iD_ESTADO|ID_DISTRITO_FEDERAL|SECCION|TIPO_CASILLA|ID_CASILLA|EXT_CONTIGUA|TIPO_SECCION|LISTA_NOMINAL|ID_MUNICIPIO|ID_DIST_LOC|ID_ESTRATO_F|ESTRATO_F|ID_ESTRATO_L|ESTRATO_L|ID_AREA_RESPONSABILIDAD|PAN|PRI|PRD|PT|PVEM|MC|MORENA|PES|RSP|FPM|QI|PAN_QI|CNR|NULOS|TOTAL|MKG|AAR|RRSA|PRM|KRJ|BMLS|CMG|MJIS|MNA|JCMCR|ANIO|MES|DIA|HORA|MINUTOS|SEGUNDOS|ORIGEN_CAPTURA|MODIFICADO
22|1|35|B|1|0|2|750|2|15|0|0|1|ESTRATO_1|1|0|0|0|0|0|0|0|0|0|0|0|0|0|0|0|0|0|0|0|0|0|0|0|0|0||||||||
22|1|36|B|1|0|3|750|2|15|0|0|1|ESTRATO_1|1|0|0|0|0|0|0|0|0|0|0|0|0|0|0|0|0|0|0|0|0|0|0|0|0|0||||||||
22|1|37|B|1|0|3|750|2|15|0|0|1|ESTRATO_1|1|0|0|0|0|0|0|0|0|0|0|0|0|0|0|0|0|0|0|0|0|0|0|0|0|0||||||||
22|1|38|B|1|0|3|750|2|15|0|0|1|ESTRATO_1|1|0|0|0|0|0|0|0|0|0|0|0|0|0|0|0|0|0|0|0|0|0|0|0|0|0||||||||
22|1|39|B|1|0|3|750|2|15|0|0|1|ESTRATO_1|1|0|0|0|0|0|0|0|0|0|0|0|0|0|0|0|0|0|0|0|0|0|0|0|0|0||||||||
22|1|40|B|1|0|3|750|2|15|0|0|1|ESTRATO_1|1|0|0|0|0|0|0|0|0|0|0|0|0|0|0|0|0|0|0|0|0|0|0|0|0|0||||||||
22|1|41|B|1|0|3|750|2|15|0|0|1|ESTRATO_1|1|0|0|0|0|0|0|0|0|0|0|0|0|0|0|0|0|0|0|0|0|0|0|0|0|0||||||||
22|1|42|B|1|0|3|750|2|15|0|0|1|ESTRATO_1|1|0|0|0|0|0|0|0|0|0|0|0|0|0|0|0|0|0|0|0|0|0|0|0|0|0||||||||
22|1|43|B|1|0|3|750|2|15|0|0|1|ESTRATO_1|1|0|0|0|0|0|0|0|0|0|0|0|0|0|0|0|0|0|0|0|0|0|0|0|0|0||||||||
22|1|44|B|1|0|3|750|2|15|0|0|1|ESTRATO_1|1|0|0|0|0|0|0|0|0|0|0|0|0|0|0|0|0|0|0|0|0|0|0|0|0|0||||||||
22|1|45|B|1|0|2|750|2|15|0|0|1|ESTRATO_1|1|0|0|0|0|0|0|0|0|0|0|0|0|0|0|0|0|0|0|0|0|0|0|0|0|0||||||||
22|1|46|B|1|0|2|750|3|14|0|0|1|ESTRATO_1|1|0|0|0|0|0|0|0|0|0|0|0|0|0|0|0|0|0|0|0|0|0|0|0|0|0||||||||
22|1|47|B|1|0|2|750|3|14|0|0|1|ESTRATO_1|1|0|0|0|0|0|0|0|0|0|0|0|0|0|0|0|0|0|0|0|0|0|0|0|0|0||||||||
22|1|48|B|1|0|2|750|3|14|0|0|1|ESTRATO_1|1|0|0|0|0|0|0|0|0|0|0|0|0|0|0|0|0|0|0|0|0|0|0|0|0|0||||||||
22|1|49|B|1|0|1|750|3|14|0|0|1|ESTRATO_1|1|0|0|0|0|0|0|0|0|0|0|0|0|0|0|0|0|0|0|0|0|0|0|0|0|0||||||||
22|1|51|B|1|0|3|750|3|14|0|0|1|ESTRATO_1|1|0|0|0|0|0|0|0|0|0|0|0|0|0|0|0|0|0|0|0|0|0|0|0|0|0||||||||
22|1|52|B|1|0|3|750|3|14|0|0|1|ESTRATO_1|1|0|0|0|0|0|0|0|0|0|0|0|0|0|0|0|0|0|0|0|0|0|0|0|0|0||||||||
22|1|53|B|1|0|3|750|3|14|0|0|1|ESTRATO_1|1|0|0|0|0|0|0|0|0|0|0|0|0|0|0|0|0|0|0|0|0|0|0|0|0|0||||||||
22|1|54|B|1|0|3|750|3|14|0|0|1|ESTRATO_1|1|0|0|0|0|0|0|0|0|0|0|0|0|0|0|0|0|0|0|0|0|0|0|0|0|0||||||||
22|1|55|B|1|0|3|750|3|14|0|0|1|ESTRATO_1|1|0|0|0|0|0|0|0|0|0|0|0|0|0|0|0|0|0|0|0|0|0|0|0|0|0||||||||
22|1|56|B|1|0|3|750|3|14|0|0|1|ESTRATO_1|1|0|0|0|0|0|0|0|0|0|0|0|0|0|0|0|0|0|0|0|0|0|0|0|0|0||||||||
22|1|57|B|1|0|3|750|3|14|0|0|1|ESTRATO_1|1|0|0|0|0|0|0|0|0|0|0|0|0|0|0|0|0|0|0|0|0|0|0|0|0|0||||||||
22|1|58|B|1|0|3|750|3|14|0|0|1|ESTRATO_1|1|0|0|0|0|0|0|0|0|0|0|0|0|0|0|0|0|0|0|0|0|0|0|0|0|0||||||||
22|1|59|B|1|0|3|750|3|14|0|0|1|ESTRATO_1|1|0|0|0|0|0|0|0|0|0|0|0|0|0|0|0|0|0|0|0|0|0|0|0|0|0||||||||
22|1|60|B|1|0|3|750|3|14|0|0|1|ESTRATO_1|1|0|0|0|0|0|0|0|0|0|0|0|0|0|0|0|0|0|0|0|0|0|0|0|0|0||||||||
22|1|61|B|1|0|2|750|3|14|0|0|1|ESTRATO_1|1|0|0|0|0|0|0|0|0|0|0|0|0|0|0|0|0|0|0|0|0|0|0|0|0|0||||||||
22|1|62|B|1|0|3|750|3|14|0|0|1|ESTRATO_1|1|0|0|0|0|0|0|0|0|0|0|0|0|0|0|0|0|0|0|0|0|0|0|0|0|0||||||||
22|1|63|B|1|0|3|750|3|14|0|0|1|ESTRATO_1|1|0|0|0|0|0|0|0|0|0|0|0|0|0|0|0|0|0|0|0|0|0|0|0|0|0||||||||
22|1|64|B|1|0|3|750|3|14|0|0|1|ESTRATO_1|1|0|0|0|0|0|0|0|0|0|0|0|0|0|0|0|0|0|0|0|0|0|0|0|0|0||||||||
22|1|65|B|1|0|3|750|3|14|0|0|1|ESTRATO_1|1|0|0|0|0|0|0|0|0|0|0|0|0|0|0|0|0|0|0|0|0|0|0|0|0|0||||||||
22|1|66|B|1|0|3|750|3|14|0|0|1|ESTRATO_1|1|0|0|0|0|0|0|0|0|0|0|0|0|0|0|0|0|0|0|0|0|0|0|0|0|0||||||||
22|1|67|B|1|0|3|750|3|14|0|0|1|ESTRATO_1|1|0|0|0|0|0|0|0|0|0|0|0|0|0|0|0|0|0|0|0|0|0|0|0|0|0||||||||
22|1|68|B|1|0|3|750|3|14|0|0|1|ESTRATO_1|1|0|0|0|0|0|0|0|0|0|0|0|0|0|0|0|0|0|0|0|0|0|0|0|0|0||||||||
22|1|69|B|1|0|3|750|3|14|0|0|1|ESTRATO_1|1|0|0|0|0|0|0|0|0|0|0|0|0|0|0|0|0|0|0|0|0|0|0|0|0|0||||||||
22|1|70|B|1|0|2|750|3|14|0|0|1|ESTRATO_1|1|0|0|0|0|0|0|0|0|0|0|0|0|0|0|0|0|0|0|0|0|0|0|0|0|0||||||||
22|1|71|B|1|0|2|750|3|14|0|0|1|ESTRATO_1|1|0|0|0|0|0|0|0|0|0|0|0|0|0|0|0|0|0|0|0|0|0|0|0|0|0||||||||
22|1|72|B|1|0|3|750|3|14|0|0|1|ESTRATO_1|1|0|0|0|0|0|0|0|0|0|0|0|0|0|0|0|0|0|0|0|0|0|0|0|0|0||||||||
22|1|73|B|1|0|2|750|3|14|0|0|1|ESTRATO_1|1|0|0|0|0|0|0|0|0|0|0|0|0|0|0|0|0|0|0|0|0|0|0|0|0|0||||||||
22|1|74|B|1|0|3|750|3|14|0|0|1|ESTRATO_1|1|0|0|0|0|0|0|0|0|0|0|0|0|0|0|0|0|0|0|0|0|0|0|0|0|0||||||||
22|1|75|B|1|0|3|750|3|14|0|0|1|ESTRATO_1|1|0|0|0|0|0|0|0|0|0|0|0|0|0|0|0|0|0|0|0|0|0|0|0|0|0||||||||
22|1|76|B|1|0|2|750|4|11|0|0|1|ESTRATO_1|1|0|0|0|0|0|0|0|0|0|0|0|0|0|0|0|0|0|0|0|0|0|0|0|0|0||||||||
22|1|77|B|1|0|1|750|4|11|0|0|1|ESTRATO_1|1|0|0|0|0|0|0|0|0|0|0|0|0|0|0|0|0|0|0|0|0|0|0|0|0|0||||||||
22|1|78|B|1|0|1|750|4|11|0|0|1|ESTRATO_1|1|0|0|0|0|0|0|0|0|0|0|0|0|0|0|0|0|0|0|0|0|0|0|0|0|0||||||||
22|1|79|B|1|0|2|750|4|11|0|0|1|ESTRATO_1|1|0|0|0|0|0|0|0|0|0|0|0|0|0|0|0|0|0|0|0|0|0|0|0|0|0||||||||
22|1|80|B|1|0|3|750|4|11|0|0|1|ESTRATO_1|1|0|0|0|0|0|0|0|0|0|0|0|0|0|0|0|0|0|0|0|0|0|0|0|0|0||||||||
22|1|81|B|1|0|3|750|4|11|0|0|1|ESTRATO_1|1|0|0|0|0|0|0|0|0|0|0|0|0|0|0|0|0|0|0|0|0|0|0|0|0|0||||||||
22|1|82|B|1|0|3|750|4|11|0|0|1|ESTRATO_1|1|0|0|0|0|0|0|0|0|0|0|0|0|0|0|0|0|0|0|0|0|0|0|0|0|0||||||||
22|1|83|B|1|0|2|750|4|11|0|0|1|ESTRATO_1|1|0|0|0|0|0|0|0|0|0|0|0|0|0|0|0|0|0|0|0|0|0|0|0|0|0||||||||
22|1|84|B|1|0|3|750|4|11|0|0|1|ESTRATO_1|1|0|0|0|0|0|0|0|0|0|0|0|0|0|0|0|0|0|0|0|0|0|0|0|0|0||||||||
22|1|85|B|1|0|3|750|4|11|0|0|1|ESTRATO_1|1|0|0|0|0|0|0|0|0|0|0|0|0|0|0|0|0|0|0|0|0|0|0|0|0|0||||||||
22|1|86|B|1|0|3|750|4|11|0|0|1|ESTRATO_1|1|0|0|0|0|0|0|0|0|0|0|0|0|0|0|0|0|0|0|0|0|0|0|0|0|0||||||||
22|1|87|B|1|0|2|750|4|11|0|0|1|ESTRATO_1|1|0|0|0|0|0|0|0|0|0|0|0|0|0|0|0|0|0|0|0|0|0|0|0|0|0||||||||
22|1|88|B|1|0|1|750|4|11|0|0|1|ESTRATO_1|1|0|0|0|0|0|0|0|0|0|0|0|0|0|0|0|0|0|0|0|0|0|0|0|0|0||||||||
22|1|90|B|1|0|3|750|4|11|0|0|1|ESTRATO_1|1|0|0|0|0|0|0|0|0|0|0|0|0|0|0|0|0|0|0|0|0|0|0|0|0|0||||||||
22|1|91|B|1|0|3|750|4|11|0|0|1|ESTRATO_1|1|0|0|0|0|0|0|0|0|0|0|0|0|0|0|0|0|0|0|0|0|0|0|0|0|0||||||||
22|1|92|B|1|0|2|750|4|11|0|0|1|ESTRATO_1|1|0|0|0|0|0|0|0|0|0|0|0|0|0|0|0|0|0|0|0|0|0|0|0|0|0||||||||
22|1|94|B|1|0|2|750|4|11|0|0|1|ESTRATO_1|1|0|0|0|0|0|0|0|0|0|0|0|0|0|0|0|0|0|0|0|0|0|0|0|0|0||||||||
22|1|95|B|1|0|3|750|4|11|0|0|1|ESTRATO_1|1|0|0|0|0|0|0|0|0|0|0|0|0|0|0|0|0|0|0|0|0|0|0|0|0|0||||||||
22|1|96|B|1|0|2|750|4|11|0|0|1|ESTRATO_1|1|0|0|0|0|0|0|0|0|0|0|0|0|0|0|0|0|0|0|0|0|0|0|0|0|0||||||||
22|1|153|B|1|0|2|750|8|15|0|0|1|ESTRATO_1|1|0|0|0|0|0|0|0|0|0|0|0|0|0|0|0|0|0|0|0|0|0|0|0|0|0||||||||
22|1|154|B|1|0|2|750|8|15|0|0|1|ESTRATO_1|1|0|0|0|0|0|0|0|0|0|0|0|0|0|0|0|0|0|0|0|0|0|0|0|0|0||||||||
22|1|155|B|1|0|2|750|8|15|0|0|1|ESTRATO_1|1|0|0|0|0|0|0|0|0|0|0|0|0|0|0|0|0|0|0|0|0|0|0|0|0|0||||||||
22|1|156|B|1|0|2|750|8|15|0|0|1|ESTRATO_1|1|0|0|0|0|0|0|0|0|0|0|0|0|0|0|0|0|0|0|0|0|0|0|0|0|0||||||||
22|1|157|B|1|0|3|750|8|15|0|0|1|ESTRATO_1|1|0|0|0|0|0|0|0|0|0|0|0|0|0|0|0|0|0|0|0|0|0|0|0|0|0||||||||
22|1|158|B|1|0|3|750|8|15|0|0|1|ESTRATO_1|1|0|0|0|0|0|0|0|0|0|0|0|0|0|0|0|0|0|0|0|0|0|0|0|0|0||||||||
22|1|159|B|1|0|3|750|8|15|0|0|1|ESTRATO_1|1|0|0|0|0|0|0|0|0|0|0|0|0|0|0|0|0|0|0|0|0|0|0|0|0|0||||||||
22|1|160|B|1|0|3|750|8|15|0|0|1|ESTRATO_1|1|0|0|0|0|0|0|0|0|0|0|0|0|0|0|0|0|0|0|0|0|0|0|0|0|0||||||||
22|1|161|B|1|0|3|750|8|15|0|0|1|ESTRATO_1|1|0|0|0|0|0|0|0|0|0|0|0|0|0|0|0|0|0|0|0|0|0|0|0|0|0||||||||
22|1|162|B|1|0|3|750|8|15|0|0|1|ESTRATO_1|1|0|0|0|0|0|0|0|0|0|0|0|0|0|0|0|0|0|0|0|0|0|0|0|0|0||||||||
22|1|163|B|1|0|3|750|8|15|0|0|1|ESTRATO_1|1|0|0|0|0|0|0|0|0|0|0|0|0|0|0|0|0|0|0|0|0|0|0|0|0|0||||||||
22|1|164|B|1|0|3|750|8|15|0|0|1|ESTRATO_1|1|0|0|0|0|0|0|0|0|0|0|0|0|0|0|0|0|0|0|0|0|0|0|0|0|0||||||||
22|1|165|B|1|0|3|750|8|15|0|0|1|ESTRATO_1|1|0|0|0|0|0|0|0|0|0|0|0|0|0|0|0|0|0|0|0|0|0|0|0|0|0||||||||
22|1|166|B|1|0|3|750|8|15|0|0|1|ESTRATO_1|1|0|0|0|0|0|0|0|0|0|0|0|0|0|0|0|0|0|0|0|0|0|0|0|0|0||||||||
22|1|167|B|1|0|3|750|8|15|0|0|1|ESTRATO_1|1|0|0|0|0|0|0|0|0|0|0|0|0|0|0|0|0|0|0|0|0|0|0|0|0|0||||||||
22|1|168|B|1|0|2|750|9|15|0|0|1|ESTRATO_1|1|0|0|0|0|0|0|0|0|0|0|0|0|0|0|0|0|0|0|0|0|0|0|0|0|0||||||||
22|1|169|B|1|0|3|750|9|15|0|0|1|ESTRATO_1|1|0|0|0|0|0|0|0|0|0|0|0|0|0|0|0|0|0|0|0|0|0|0|0|0|0||||||||
22|1|170|B|1|0|3|750|9|15|0|0|1|ESTRATO_1|1|0|0|0|0|0|0|0|0|0|0|0|0|0|0|0|0|0|0|0|0|0|0|0|0|0||||||||
22|1|171|B|1|0|3|750|9|15|0|0|1|ESTRATO_1|1|0|0|0|0|0|0|0|0|0|0|0|0|0|0|0|0|0|0|0|0|0|0|0|0|0||||||||
22|1|172|B|1|0|3|750|9|15|0|0|1|ESTRATO_1|1|0|0|0|0|0|0|0|0|0|0|0|0|0|0|0|0|0|0|0|0|0|0|0|0|0||||||||
22|1|173|B|1|0|3|750|9|15|0|0|1|ESTRATO_1|1|0|0|0|0|0|0|0|0|0|0|0|0|0|0|0|0|0|0|0|0|0|0|0|0|0||||||||
22|1|174|B|1|0|3|750|9|15|0|0|1|ESTRATO_1|1|0|0|0|0|0|0|0|0|0|0|0|0|0|0|0|0|0|0|0|0|0|0|0|0|0||||||||
22|1|175|B|1|0|3|750|9|15|0|0|1|ESTRATO_1|1|0|0|0|0|0|0|0|0|0|0|0|0|0|0|0|0|0|0|0|0|0|0|0|0|0||||||||
22|1|176|B|1|0|3|750|9|15|0|0|1|ESTRATO_1|1|0|0|0|0|0|0|0|0|0|0|0|0|0|0|0|0|0|0|0|0|0|0|0|0|0||||||||
22|1|177|B|1|0|3|750|9|15|0|0|1|ESTRATO_1|1|0|0|0|0|0|0|0|0|0|0|0|0|0|0|0|0|0|0|0|0|0|0|0|0|0||||||||
22|1|178|B|1|0|3|750|9|15|0|0|1|ESTRATO_1|1|0|0|0|0|0|0|0|0|0|0|0|0|0|0|0|0|0|0|0|0|0|0|0|0|0||||||||
22|1|179|B|1|0|3|750|9|15|0|0|1|ESTRATO_1|1|0|0|0|0|0|0|0|0|0|0|0|0|0|0|0|0|0|0|0|0|0|0|0|0|0||||||||
22|1|180|B|1|0|3|750|9|15|0|0|1|ESTRATO_1|1|0|0|0|0|0|0|0|0|0|0|0|0|0|0|0|0|0|0|0|0|0|0|0|0|0||||||||
22|1|181|B|1|0|3|750|9|15|0|0|1|ESTRATO_1|1|0|0|0|0|0|0|0|0|0|0|0|0|0|0|0|0|0|0|0|0|0|0|0|0|0||||||||
22|1|210|B|1|0|1|750|11|10|0|0|1|ESTRATO_1|1|0|0|0|0|0|0|0|0|0|0|0|0|0|0|0|0|0|0|0|0|0|0|0|0|0||||||||
22|1|211|B|1|0|1|750|11|10|0|0|1|ESTRATO_1|1|0|0|0|0|0|0|0|0|0|0|0|0|0|0|0|0|0|0|0|0|0|0|0|0|0||||||||
22|1|212|B|1|0|2|750|11|10|0|0|1|ESTRATO_1|1|0|0|0|0|0|0|0|0|0|0|0|0|0|0|0|0|0|0|0|0|0|0|0|0|0||||||||
22|1|213|B|1|0|1|750|11|10|0|0|1|ESTRATO_1|1|0|0|0|0|0|0|0|0|0|0|0|0|0|0|0|0|0|0|0|0|0|0|0|0|0||||||||
22|1|214|B|1|0|1|750|11|10|0|0|1|ESTRATO_1|1|0|0|0|0|0|0|0|0|0|0|0|0|0|0|0|0|0|0|0|0|0|0|0|0|0||||||||
22|1|215|B|1|0|3|750|11|10|0|0|1|ESTRATO_1|1|0|0|0|0|0|0|0|0|0|0|0|0|0|0|0|0|0|0|0|0|0|0|0|0|0||||||||
22|1|216|B|1|0|2|750|11|10|0|0|1|ESTRATO_1|1|0|0|0|0|0|0|0|0|0|0|0|0|0|0|0|0|0|0|0|0|0|0|0|0|0||||||||
22|1|217|B|1|0|1|750|11|10|0|0|1|ESTRATO_1|1|0|0|0|0|0|0|0|0|0|0|0|0|0|0|0|0|0|0|0|0|0|0|0|0|0||||||||
22|1|218|B|1|0|2|750|11|10|0|0|1|ESTRATO_1|1|0|0|0|0|0|0|0|0|0|0|0|0|0|0|0|0|0|0|0|0|0|0|0|0|0||||||||
22|1|219|B|1|0|2|750|11|10|0|0|1|ESTRATO_1|1|0|0|0|0|0|0|0|0|0|0|0|0|0|0|0|0|0|0|0|0|0|0|0|0|0||||||||
22|1|220|B|1|0|2|750|11|10|0|0|1|ESTRATO_1|1|0|0|0|0|0|0|0|0|0|0|0|0|0|0|0|0|0|0|0|0|0|0|0|0|0||||||||
22|1|221|B|1|0|1|750|11|10|0|0|1|ESTRATO_1|1|0|0|0|0|0|0|0|0|0|0|0|0|0|0|0|0|0|0|0|0|0|0|0|0|0||||||||
22|1|222|B|1|0|2|750|11|10|0|0|1|ESTRATO_1|1|0|0|0|0|0|0|0|0|0|0|0|0|0|0|0|0|0|0|0|0|0|0|0|0|0||||||||
22|1|223|B|1|0|2|750|11|10|0|0|1|ESTRATO_1|1|0|0|0|0|0|0|0|0|0|0|0|0|0|0|0|0|0|0|0|0|0|0|0|0|0||||||||
22|1|224|B|1|0|2|750|11|10|0|0|1|ESTRATO_1|1|0|0|0|0|0|0|0|0|0|0|0|0|0|0|0|0|0|0|0|0|0|0|0|0|0||||||||
22|1|225|B|1|0|1|750|11|10|0|0|1|ESTRATO_1|1|0|0|0|0|0|0|0|0|0|0|0|0|0|0|0|0|0|0|0|0|0|0|0|0|0||||||||
22|1|226|B|1|0|1|750|11|10|0|0|1|ESTRATO_1|1|0|0|0|0|0|0|0|0|0|0|0|0|0|0|0|0|0|0|0|0|0|0|0|0|0||||||||
22|1|227|B|1|0|2|750|11|10|0|0|1|ESTRATO_1|1|0|0|0|0|0|0|0|0|0|0|0|0|0|0|0|0|0|0|0|0|0|0|0|0|0||||||||
22|1|228|B|1|0|1|750|11|10|0|0|1|ESTRATO_1|1|0|0|0|0|0|0|0|0|0|0|0|0|0|0|0|0|0|0|0|0|0|0|0|0|0||||||||
22|1|229|B|1|0|3|750|11|10|0|0|1|ESTRATO_1|1|0|0|0|0|0|0|0|0|0|0|0|0|0|0|0|0|0|0|0|0|0|0|0|0|0||||||||
22|1|230|B|1|0|2|750|11|10|0|0|1|ESTRATO_1|1|0|0|0|0|0|0|0|0|0|0|0|0|0|0|0|0|0|0|0|0|0|0|0|0|0||||||||
22|1|231|B|1|0|2|750|11|10|0|0|1|ESTRATO_1|1|0|0|0|0|0|0|0|0|0|0|0|0|0|0|0|0|0|0|0|0|0|0|0|0|0||||||||
22|1|232|B|1|0|3|750|11|10|0|0|1|ESTRATO_1|1|0|0|0|0|0|0|0|0|0|0|0|0|0|0|0|0|0|0|0|0|0|0|0|0|0||||||||
22|1|233|B|1|0|1|750|11|10|0|0|1|ESTRATO_1|1|0|0|0|0|0|0|0|0|0|0|0|0|0|0|0|0|0|0|0|0|0|0|0|0|0||||||||
22|1|234|B|1|0|2|750|12|15|0|0|1|ESTRATO_1|1|0|0|0|0|0|0|0|0|0|0|0|0|0|0|0|0|0|0|0|0|0|0|0|0|0||||||||
22|1|235|B|1|0|3|750|12|15|0|0|1|ESTRATO_1|1|0|0|0|0|0|0|0|0|0|0|0|0|0|0|0|0|0|0|0|0|0|0|0|0|0||||||||
22|1|236|B|1|0|3|750|12|15|0|0|1|ESTRATO_1|1|0|0|0|0|0|0|0|0|0|0|0|0|0|0|0|0|0|0|0|0|0|0|0|0|0||||||||
22|1|237|B|1|0|3|750|12|15|0|0|1|ESTRATO_1|1|0|0|0|0|0|0|0|0|0|0|0|0|0|0|0|0|0|0|0|0|0|0|0|0|0||||||||
22|1|238|B|1|0|3|750|12|15|0|0|1|ESTRATO_1|1|0|0|0|0|0|0|0|0|0|0|0|0|0|0|0|0|0|0|0|0|0|0|0|0|0||||||||
22|1|239|B|1|0|3|750|12|15|0|0|1|ESTRATO_1|1|0|0|0|0|0|0|0|0|0|0|0|0|0|0|0|0|0|0|0|0|0|0|0|0|0||||||||
22|1|240|B|1|0|3|750|12|15|0|0|1|ESTRATO_1|1|0|0|0|0|0|0|0|0|0|0|0|0|0|0|0|0|0|0|0|0|0|0|0|0|0||||||||
22|1|241|B|1|0|3|750|12|15|0|0|1|ESTRATO_1|1|0|0|0|0|0|0|0|0|0|0|0|0|0|0|0|0|0|0|0|0|0|0|0|0|0||||||||
22|1|242|B|1|0|3|750|12|15|0|0|1|ESTRATO_1|1|0|0|0|0|0|0|0|0|0|0|0|0|0|0|0|0|0|0|0|0|0|0|0|0|0||||||||
22|1|243|B|1|0|3|750|12|15|0|0|1|ESTRATO_1|1|0|0|0|0|0|0|0|0|0|0|0|0|0|0|0|0|0|0|0|0|0|0|0|0|0||||||||
22|1|244|B|1|0|3|750|12|15|0|0|1|ESTRATO_1|1|0|0|0|0|0|0|0|0|0|0|0|0|0|0|0|0|0|0|0|0|0|0|0|0|0||||||||
22|1|245|B|1|0|3|750|12|15|0|0|1|ESTRATO_1|1|0|0|0|0|0|0|0|0|0|0|0|0|0|0|0|0|0|0|0|0|0|0|0|0|0||||||||
22|1|246|B|1|0|3|750|12|15|0|0|1|ESTRATO_1|1|0|0|0|0|0|0|0|0|0|0|0|0|0|0|0|0|0|0|0|0|0|0|0|0|0||||||||
22|1|247|B|1|0|3|750|12|15|0|0|1|ESTRATO_1|1|0|0|0|0|0|0|0|0|0|0|0|0|0|0|0|0|0|0|0|0|0|0|0|0|0||||||||
22|1|248|B|1|0|2|750|13|15|0|0|1|ESTRATO_1|1|0|0|0|0|0|0|0|0|0|0|0|0|0|0|0|0|0|0|0|0|0|0|0|0|0||||||||
22|1|249|B|1|0|2|750|13|15|0|0|1|ESTRATO_1|1|0|0|0|0|0|0|0|0|0|0|0|0|0|0|0|0|0|0|0|0|0|0|0|0|0||||||||
22|1|250|B|1|0|3|750|13|15|0|0|1|ESTRATO_1|1|0|0|0|0|0|0|0|0|0|0|0|0|0|0|0|0|0|0|0|0|0|0|0|0|0||||||||
22|1|251|B|1|0|3|750|13|15|0|0|1|ESTRATO_1|1|0|0|0|0|0|0|0|0|0|0|0|0|0|0|0|0|0|0|0|0|0|0|0|0|0||||||||
22|1|252|B|1|0|3|750|13|15|0|0|1|ESTRATO_1|1|0|0|0|0|0|0|0|0|0|0|0|0|0|0|0|0|0|0|0|0|0|0|0|0|0||||||||
22|1|253|B|1|0|2|750|13|15|0|0|1|ESTRATO_1|1|0|0|0|0|0|0|0|0|0|0|0|0|0|0|0|0|0|0|0|0|0|0|0|0|0||||||||
22|1|254|B|1|0|3|750|13|15|0|0|1|ESTRATO_1|1|0|0|0|0|0|0|0|0|0|0|0|0|0|0|0|0|0|0|0|0|0|0|0|0|0||||||||
22|1|255|B|1|0|3|750|13|15|0|0|1|ESTRATO_1|1|0|0|0|0|0|0|0|0|0|0|0|0|0|0|0|0|0|0|0|0|0|0|0|0|0||||||||
22|1|256|B|1|0|3|750|13|15|0|0|1|ESTRATO_1|1|0|0|0|0|0|0|0|0|0|0|0|0|0|0|0|0|0|0|0|0|0|0|0|0|0||||||||
22|1|257|B|1|0|3|750|13|15|0|0|1|ESTRATO_1|1|0|0|0|0|0|0|0|0|0|0|0|0|0|0|0|0|0|0|0|0|0|0|0|0|0||||||||
22|1|258|B|1|0|3|750|13|15|0|0|1|ESTRATO_1|1|0|0|0|0|0|0|0|0|0|0|0|0|0|0|0|0|0|0|0|0|0|0|0|0|0||||||||
22|1|259|B|1|0|3|750|13|15|0|0|1|ESTRATO_1|1|0|0|0|0|0|0|0|0|0|0|0|0|0|0|0|0|0|0|0|0|0|0|0|0|0||||||||
22|1|260|B|1|0|3|750|13|15|0|0|1|ESTRATO_1|1|0|0|0|0|0|0|0|0|0|0|0|0|0|0|0|0|0|0|0|0|0|0|0|0|0||||||||
22|1|261|B|1|0|3|750|13|15|0|0|1|ESTRATO_1|1|0|0|0|0|0|0|0|0|0|0|0|0|0|0|0|0|0|0|0|0|0|0|0|0|0||||||||
22|1|262|B|1|0|3|750|13|15|0|0|1|ESTRATO_1|1|0|0|0|0|0|0|0|0|0|0|0|0|0|0|0|0|0|0|0|0|0|0|0|0|0||||||||
22|1|263|B|1|0|3|750|13|15|0|0|1|ESTRATO_1|1|0|0|0|0|0|0|0|0|0|0|0|0|0|0|0|0|0|0|0|0|0|0|0|0|0||||||||
22|1|264|B|1|0|3|750|13|15|0|0|1|ESTRATO_1|1|0|0|0|0|0|0|0|0|0|0|0|0|0|0|0|0|0|0|0|0|0|0|0|0|0||||||||
22|1|265|B|1|0|3|750|13|15|0|0|1|ESTRATO_1|1|0|0|0|0|0|0|0|0|0|0|0|0|0|0|0|0|0|0|0|0|0|0|0|0|0||||||||
22|1|556|B|1|0|2|750|15|15|0|0|1|ESTRATO_1|1|0|0|0|0|0|0|0|0|0|0|0|0|0|0|0|0|0|0|0|0|0|0|0|0|0||||||||
22|1|557|B|1|0|2|750|15|15|0|0|1|ESTRATO_1|1|0|0|0|0|0|0|0|0|0|0|0|0|0|0|0|0|0|0|0|0|0|0|0|0|0||||||||
22|1|558|B|1|0|3|750|15|15|0|0|1|ESTRATO_1|1|0|0|0|0|0|0|0|0|0|0|0|0|0|0|0|0|0|0|0|0|0|0|0|0|0||||||||
22|1|559|B|1|0|3|750|15|15|0|0|1|ESTRATO_1|1|0|0|0|0|0|0|0|0|0|0|0|0|0|0|0|0|0|0|0|0|0|0|0|0|0||||||||
22|1|560|B|1|0|3|750|15|15|0|0|1|ESTRATO_1|1|0|0|0|0|0|0|0|0|0|0|0|0|0|0|0|0|0|0|0|0|0|0|0|0|0||||||||
22|1|561|B|1|0|3|750|15|15|0|0|1|ESTRATO_1|1|0|0|0|0|0|0|0|0|0|0|0|0|0|0|0|0|0|0|0|0|0|0|0|0|0||||||||
22|1|562|B|1|0|3|750|15|15|0|0|1|ESTRATO_1|1|0|0|0|0|0|0|0|0|0|0|0|0|0|0|0|0|0|0|0|0|0|0|0|0|0||||||||
22|1|674|B|1|0|1|750|18|14|0|0|1|ESTRATO_1|1|0|0|0|0|0|0|0|0|0|0|0|0|0|0|0|0|0|0|0|0|0|0|0|0|0||||||||
22|1|675|B|1|0|2|750|18|14|0|0|1|ESTRATO_1|1|0|0|0|0|0|0|0|0|0|0|0|0|0|0|0|0|0|0|0|0|0|0|0|0|0||||||||
22|1|676|B|1|0|3|750|18|14|0|0|1|ESTRATO_1|1|0|0|0|0|0|0|0|0|0|0|0|0|0|0|0|0|0|0|0|0|0|0|0|0|0||||||||
22|1|677|B|1|0|3|750|18|14|0|0|1|ESTRATO_1|1|0|0|0|0|0|0|0|0|0|0|0|0|0|0|0|0|0|0|0|0|0|0|0|0|0||||||||
22|1|678|B|1|0|3|750|18|14|0|0|1|ESTRATO_1|1|0|0|0|0|0|0|0|0|0|0|0|0|0|0|0|0|0|0|0|0|0|0|0|0|0||||||||
22|1|679|B|1|0|3|750|18|14|0|0|1|ESTRATO_1|1|0|0|0|0|0|0|0|0|0|0|0|0|0|0|0|0|0|0|0|0|0|0|0|0|0||||||||
22|1|680|B|1|0|3|750|18|14|0|0|1|ESTRATO_1|1|0|0|0|0|0|0|0|0|0|0|0|0|0|0|0|0|0|0|0|0|0|0|0|0|0||||||||
22|1|681|B|1|0|3|750|18|14|0|0|1|ESTRATO_1|1|0|0|0|0|0|0|0|0|0|0|0|0|0|0|0|0|0|0|0|0|0|0|0|0|0||||||||
22|1|682|B|1|0|3|750|18|14|0|0|1|ESTRATO_1|1|0|0|0|0|0|0|0|0|0|0|0|0|0|0|0|0|0|0|0|0|0|0|0|0|0||||||||
22|1|683|B|1|0|3|750|18|14|0|0|1|ESTRATO_1|1|0|0|0|0|0|0|0|0|0|0|0|0|0|0|0|0|0|0|0|0|0|0|0|0|0||||||||
22|1|684|B|1|0|1|750|18|14|0|0|1|ESTRATO_1|1|0|0|0|0|0|0|0|0|0|0|0|0|0|0|0|0|0|0|0|0|0|0|0|0|0||||||||
22|1|685|B|1|0|3|750|18|14|0|0|1|ESTRATO_1|1|0|0|0|0|0|0|0|0|0|0|0|0|0|0|0|0|0|0|0|0|0|0|0|0|0||||||||
22|1|686|B|1|0|3|750|18|14|0|0|1|ESTRATO_1|1|0|0|0|0|0|0|0|0|0|0|0|0|0|0|0|0|0|0|0|0|0|0|0|0|0||||||||
22|1|687|B|1|0|3|750|18|14|0|0|1|ESTRATO_1|1|0|0|0|0|0|0|0|0|0|0|0|0|0|0|0|0|0|0|0|0|0|0|0|0|0||||||||
22|1|892|B|1|0|2|750|3|14|0|0|1|ESTRATO_1|1|0|0|0|0|0|0|0|0|0|0|0|0|0|0|0|0|0|0|0|0|0|0|0|0|0||||||||
22|1|893|B|1|0|3|750|3|14|0|0|1|ESTRATO_1|1|0|0|0|0|0|0|0|0|0|0|0|0|0|0|0|0|0|0|0|0|0|0|0|0|0||||||||
22|1|894|B|1|0|3|750|4|11|0|0|1|ESTRATO_1|1|0|0|0|0|0|0|0|0|0|0|0|0|0|0|0|0|0|0|0|0|0|0|0|0|0||||||||
22|1|895|B|1|0|3|750|4|11|0|0|1|ESTRATO_1|1|0|0|0|0|0|0|0|0|0|0|0|0|0|0|0|0|0|0|0|0|0|0|0|0|0||||||||
22|1|896|B|1|0|2|750|4|11|0|0|1|ESTRATO_1|1|0|0|0|0|0|0|0|0|0|0|0|0|0|0|0|0|0|0|0|0|0|0|0|0|0||||||||
22|1|897|B|1|0|3|750|4|11|0|0|1|ESTRATO_1|1|0|0|0|0|0|0|0|0|0|0|0|0|0|0|0|0|0|0|0|0|0|0|0|0|0||||||||
22|2|122|B|1|0|2|750|6|14|0|0|2|ESTRATO_2|1|0|0|0|0|0|0|0|0|0|0|0|0|0|0|0|0|0|0|0|0|0|0|0|0|0||||||||
22|2|123|B|1|0|2|750|6|14|0|0|2|ESTRATO_2|1|0|0|0|0|0|0|0|0|0|0|0|0|0|0|0|0|0|0|0|0|0|0|0|0|0||||||||
22|2|124|B|1|0|1|750|6|14|0|0|2|ESTRATO_2|1|0|0|0|0|0|0|0|0|0|0|0|0|0|0|0|0|0|0|0|0|0|0|0|0|0||||||||
22|2|125|B|1|0|1|750|6|14|0|0|2|ESTRATO_2|1|0|0|0|0|0|0|0|0|0|0|0|0|0|0|0|0|0|0|0|0|0|0|0|0|0||||||||
22|2|126|B|1|0|3|750|6|14|0|0|2|ESTRATO_2|1|0|0|0|0|0|0|0|0|0|0|0|0|0|0|0|0|0|0|0|0|0|0|0|0|0||||||||
22|2|127|B|1|0|2|750|6|14|0|0|2|ESTRATO_2|1|0|0|0|0|0|0|0|0|0|0|0|0|0|0|0|0|0|0|0|0|0|0|0|0|0||||||||
22|2|128|B|1|0|2|750|6|14|0|0|2|ESTRATO_2|1|0|0|0|0|0|0|0|0|0|0|0|0|0|0|0|0|0|0|0|0|0|0|0|0|0||||||||
22|2|129|B|1|0|2|750|6|14|0|0|2|ESTRATO_2|1|0|0|0|0|0|0|0|0|0|0|0|0|0|0|0|0|0|0|0|0|0|0|0|0|0||||||||
22|2|130|B|1|0|1|750|6|14|0|0|2|ESTRATO_2|1|0|0|0|0|0|0|0|0|0|0|0|0|0|0|0|0|0|0|0|0|0|0|0|0|0||||||||
22|2|131|B|1|0|3|750|6|14|0|0|2|ESTRATO_2|1|0|0|0|0|0|0|0|0|0|0|0|0|0|0|0|0|0|0|0|0|0|0|0|0|0||||||||
22|2|132|B|1|0|3|750|6|14|0|0|2|ESTRATO_2|1|0|0|0|0|0|0|0|0|0|0|0|0|0|0|0|0|0|0|0|0|0|0|0|0|0||||||||
22|2|133|B|1|0|2|750|6|14|0|0|2|ESTRATO_2|1|0|0|0|0|0|0|0|0|0|0|0|0|0|0|0|0|0|0|0|0|0|0|0|0|0||||||||
22|2|134|B|1|0|2|750|6|14|0|0|2|ESTRATO_2|1|0|0|0|0|0|0|0|0|0|0|0|0|0|0|0|0|0|0|0|0|0|0|0|0|0||||||||
22|2|135|B|1|0|2|750|6|14|0|0|2|ESTRATO_2|1|0|0|0|0|0|0|0|0|0|0|0|0|0|0|0|0|0|0|0|0|0|0|0|0|0||||||||
22|2|136|B|1|0|1|750|6|14|0|0|2|ESTRATO_2|1|0|0|0|0|0|0|0|0|0|0|0|0|0|0|0|0|0|0|0|0|0|0|0|0|0||||||||
22|2|137|B|1|0|3|750|6|14|0|0|2|ESTRATO_2|1|0|0|0|0|0|0|0|0|0|0|0|0|0|0|0|0|0|0|0|0|0|0|0|0|0||||||||
22|2|138|B|1|0|3|750|6|14|0|0|2|ESTRATO_2|1|0|0|0|0|0|0|0|0|0|0|0|0|0|0|0|0|0|0|0|0|0|0|0|0|0||||||||
22|2|563|B|1|0|1|750|16|10|0|0|2|ESTRATO_2|1|0|0|0|0|0|0|0|0|0|0|0|0|0|0|0|0|0|0|0|0|0|0|0|0|0||||||||
22|2|564|B|1|0|1|750|16|10|0|0|2|ESTRATO_2|1|0|0|0|0|0|0|0|0|0|0|0|0|0|0|0|0|0|0|0|0|0|0|0|0|0||||||||
22|2|565|B|1|0|1|750|16|10|0|0|2|ESTRATO_2|1|0|0|0|0|0|0|0|0|0|0|0|0|0|0|0|0|0|0|0|0|0|0|0|0|0||||||||
22|2|567|B|1|0|1|750|16|9|0|0|2|ESTRATO_2|1|0|0|0|0|0|0|0|0|0|0|0|0|0|0|0|0|0|0|0|0|0|0|0|0|0||||||||
22|2|568|B|1|0|1|750|16|8|0|0|2|ESTRATO_2|1|0|0|0|0|0|0|0|0|0|0|0|0|0|0|0|0|0|0|0|0|0|0|0|0|0||||||||
22|2|569|B|1|0|1|750|16|8|0|0|2|ESTRATO_2|1|0|0|0|0|0|0|0|0|0|0|0|0|0|0|0|0|0|0|0|0|0|0|0|0|0||||||||
22|2|570|B|1|0|1|750|16|8|0|0|2|ESTRATO_2|1|0|0|0|0|0|0|0|0|0|0|0|0|0|0|0|0|0|0|0|0|0|0|0|0|0||||||||
22|2|571|B|1|0|1|750|16|8|0|0|2|ESTRATO_2|1|0|0|0|0|0|0|0|0|0|0|0|0|0|0|0|0|0|0|0|0|0|0|0|0|0||||||||
22|2|572|B|1|0|1|750|16|8|0|0|2|ESTRATO_2|1|0|0|0|0|0|0|0|0|0|0|0|0|0|0|0|0|0|0|0|0|0|0|0|0|0||||||||
22|2|573|B|1|0|1|750|16|8|0|0|2|ESTRATO_2|1|0|0|0|0|0|0|0|0|0|0|0|0|0|0|0|0|0|0|0|0|0|0|0|0|0||||||||
22|2|574|B|1|0|1|750|16|9|0|0|2|ESTRATO_2|1|0|0|0|0|0|0|0|0|0|0|0|0|0|0|0|0|0|0|0|0|0|0|0|0|0||||||||
22|2|575|B|1|0|1|750|16|9|0|0|2|ESTRATO_2|1|0|0|0|0|0|0|0|0|0|0|0|0|0|0|0|0|0|0|0|0|0|0|0|0|0||||||||
22|2|576|B|1|0|1|750|16|9|0|0|2|ESTRATO_2|1|0|0|0|0|0|0|0|0|0|0|0|0|0|0|0|0|0|0|0|0|0|0|0|0|0||||||||
22|2|577|B|1|0|1|750|16|8|0|0|2|ESTRATO_2|1|0|0|0|0|0|0|0|0|0|0|0|0|0|0|0|0|0|0|0|0|0|0|0|0|0||||||||
22|2|578|B|1|0|1|750|16|8|0|0|2|ESTRATO_2|1|0|0|0|0|0|0|0|0|0|0|0|0|0|0|0|0|0|0|0|0|0|0|0|0|0||||||||
22|2|579|B|1|0|1|750|16|8|0|0|2|ESTRATO_2|1|0|0|0|0|0|0|0|0|0|0|0|0|0|0|0|0|0|0|0|0|0|0|0|0|0||||||||
22|2|580|B|1|0|1|750|16|8|0|0|2|ESTRATO_2|1|0|0|0|0|0|0|0|0|0|0|0|0|0|0|0|0|0|0|0|0|0|0|0|0|0||||||||
22|2|581|B|1|0|1|750|16|8|0|0|2|ESTRATO_2|1|0|0|0|0|0|0|0|0|0|0|0|0|0|0|0|0|0|0|0|0|0|0|0|0|0||||||||
22|2|582|B|1|0|1|750|16|9|0|0|2|ESTRATO_2|1|0|0|0|0|0|0|0|0|0|0|0|0|0|0|0|0|0|0|0|0|0|0|0|0|0||||||||
22|2|583|B|1|0|1|750|16|9|0|0|2|ESTRATO_2|1|0|0|0|0|0|0|0|0|0|0|0|0|0|0|0|0|0|0|0|0|0|0|0|0|0||||||||
22|2|584|B|1|0|1|750|16|9|0|0|2|ESTRATO_2|1|0|0|0|0|0|0|0|0|0|0|0|0|0|0|0|0|0|0|0|0|0|0|0|0|0||||||||
22|2|585|B|1|0|1|750|16|9|0|0|2|ESTRATO_2|1|0|0|0|0|0|0|0|0|0|0|0|0|0|0|0|0|0|0|0|0|0|0|0|0|0||||||||
22|2|586|B|1|0|1|750|16|9|0|0|2|ESTRATO_2|1|0|0|0|0|0|0|0|0|0|0|0|0|0|0|0|0|0|0|0|0|0|0|0|0|0||||||||
22|2|587|B|1|0|1|750|16|9|0|0|2|ESTRATO_2|1|0|0|0|0|0|0|0|0|0|0|0|0|0|0|0|0|0|0|0|0|0|0|0|0|0||||||||
22|2|588|B|1|0|1|750|16|9|0|0|2|ESTRATO_2|1|0|0|0|0|0|0|0|0|0|0|0|0|0|0|0|0|0|0|0|0|0|0|0|0|0||||||||
22|2|589|B|1|0|1|750|16|9|0|0|2|ESTRATO_2|1|0|0|0|0|0|0|0|0|0|0|0|0|0|0|0|0|0|0|0|0|0|0|0|0|0||||||||
22|2|590|B|1|0|1|750|16|8|0|0|2|ESTRATO_2|1|0|0|0|0|0|0|0|0|0|0|0|0|0|0|0|0|0|0|0|0|0|0|0|0|0||||||||
22|2|591|B|1|0|1|750|16|8|0|0|2|ESTRATO_2|1|0|0|0|0|0|0|0|0|0|0|0|0|0|0|0|0|0|0|0|0|0|0|0|0|0||||||||
22|2|592|B|1|0|1|750|16|8|0|0|2|ESTRATO_2|1|0|0|0|0|0|0|0|0|0|0|0|0|0|0|0|0|0|0|0|0|0|0|0|0|0||||||||
22|2|593|B|1|0|1|750|16|8|0|0|2|ESTRATO_2|1|0|0|0|0|0|0|0|0|0|0|0|0|0|0|0|0|0|0|0|0|0|0|0|0|0||||||||
22|2|594|B|1|0|1|750|16|8|0|0|2|ESTRATO_2|1|0|0|0|0|0|0|0|0|0|0|0|0|0|0|0|0|0|0|0|0|0|0|0|0|0||||||||
22|2|595|B|1|0|1|750|16|9|0|0|2|ESTRATO_2|1|0|0|0|0|0|0|0|0|0|0|0|0|0|0|0|0|0|0|0|0|0|0|0|0|0||||||||
22|2|596|B|1|0|1|750|16|9|0|0|2|ESTRATO_2|1|0|0|0|0|0|0|0|0|0|0|0|0|0|0|0|0|0|0|0|0|0|0|0|0|0||||||||
22|2|597|B|1|0|1|750|16|9|0|0|2|ESTRATO_2|1|0|0|0|0|0|0|0|0|0|0|0|0|0|0|0|0|0|0|0|0|0|0|0|0|0||||||||
22|2|598|B|1|0|1|750|16|9|0|0|2|ESTRATO_2|1|0|0|0|0|0|0|0|0|0|0|0|0|0|0|0|0|0|0|0|0|0|0|0|0|0||||||||
22|2|599|B|1|0|1|750|16|9|0|0|2|ESTRATO_2|1|0|0|0|0|0|0|0|0|0|0|0|0|0|0|0|0|0|0|0|0|0|0|0|0|0||||||||
22|2|600|B|1|0|1|750|16|9|0|0|2|ESTRATO_2|1|0|0|0|0|0|0|0|0|0|0|0|0|0|0|0|0|0|0|0|0|0|0|0|0|0||||||||
22|2|601|B|1|0|1|750|16|9|0|0|2|ESTRATO_2|1|0|0|0|0|0|0|0|0|0|0|0|0|0|0|0|0|0|0|0|0|0|0|0|0|0||||||||
22|2|602|B|1|0|1|750|16|8|0|0|2|ESTRATO_2|1|0|0|0|0|0|0|0|0|0|0|0|0|0|0|0|0|0|0|0|0|0|0|0|0|0||||||||
22|2|603|B|1|0|1|750|16|8|0|0|2|ESTRATO_2|1|0|0|0|0|0|0|0|0|0|0|0|0|0|0|0|0|0|0|0|0|0|0|0|0|0||||||||
22|2|604|B|1|0|1|750|16|8|0|0|2|ESTRATO_2|1|0|0|0|0|0|0|0|0|0|0|0|0|0|0|0|0|0|0|0|0|0|0|0|0|0||||||||
22|2|605|B|1|0|2|750|16|8|0|0|2|ESTRATO_2|1|0|0|0|0|0|0|0|0|0|0|0|0|0|0|0|0|0|0|0|0|0|0|0|0|0||||||||
22|2|606|B|1|0|1|750|16|8|0|0|2|ESTRATO_2|1|0|0|0|0|0|0|0|0|0|0|0|0|0|0|0|0|0|0|0|0|0|0|0|0|0||||||||
22|2|607|B|1|0|2|750|16|8|0|0|2|ESTRATO_2|1|0|0|0|0|0|0|0|0|0|0|0|0|0|0|0|0|0|0|0|0|0|0|0|0|0||||||||
22|2|608|B|1|0|2|750|16|10|0|0|2|ESTRATO_2|1|0|0|0|0|0|0|0|0|0|0|0|0|0|0|0|0|0|0|0|0|0|0|0|0|0||||||||
22|2|609|B|1|0|1|750|16|10|0|0|2|ESTRATO_2|1|0|0|0|0|0|0|0|0|0|0|0|0|0|0|0|0|0|0|0|0|0|0|0|0|0||||||||
22|2|610|B|1|0|3|750|16|10|0|0|2|ESTRATO_2|1|0|0|0|0|0|0|0|0|0|0|0|0|0|0|0|0|0|0|0|0|0|0|0|0|0||||||||
22|2|611|B|1|0|2|750|16|10|0|0|2|ESTRATO_2|1|0|0|0|0|0|0|0|0|0|0|0|0|0|0|0|0|0|0|0|0|0|0|0|0|0||||||||
22|2|612|B|1|0|1|750|16|10|0|0|2|ESTRATO_2|1|0|0|0|0|0|0|0|0|0|0|0|0|0|0|0|0|0|0|0|0|0|0|0|0|0||||||||
22|2|613|B|1|0|2|750|16|10|0|0|2|ESTRATO_2|1|0|0|0|0|0|0|0|0|0|0|0|0|0|0|0|0|0|0|0|0|0|0|0|0|0||||||||
22|2|614|B|1|0|2|750|16|10|0|0|2|ESTRATO_2|1|0|0|0|0|0|0|0|0|0|0|0|0|0|0|0|0|0|0|0|0|0|0|0|0|0||||||||
22|2|615|B|1|0|2|750|16|9|0|0|2|ESTRATO_2|1|0|0|0|0|0|0|0|0|0|0|0|0|0|0|0|0|0|0|0|0|0|0|0|0|0||||||||
22|2|616|B|1|0|2|750|16|10|0|0|2|ESTRATO_2|1|0|0|0|0|0|0|0|0|0|0|0|0|0|0|0|0|0|0|0|0|0|0|0|0|0||||||||
22|2|618|B|1|0|2|750|16|10|0|0|2|ESTRATO_2|1|0|0|0|0|0|0|0|0|0|0|0|0|0|0|0|0|0|0|0|0|0|0|0|0|0||||||||
22|2|619|B|1|0|2|750|16|8|0|0|2|ESTRATO_2|1|0|0|0|0|0|0|0|0|0|0|0|0|0|0|0|0|0|0|0|0|0|0|0|0|0||||||||
22|2|620|B|1|0|1|750|16|10|0|0|2|ESTRATO_2|1|0|0|0|0|0|0|0|0|0|0|0|0|0|0|0|0|0|0|0|0|0|0|0|0|0||||||||
22|2|621|B|1|0|3|750|16|10|0|0|2|ESTRATO_2|1|0|0|0|0|0|0|0|0|0|0|0|0|0|0|0|0|0|0|0|0|0|0|0|0|0||||||||
22|2|622|B|1|0|2|750|16|10|0|0|2|ESTRATO_2|1|0|0|0|0|0|0|0|0|0|0|0|0|0|0|0|0|0|0|0|0|0|0|0|0|0||||||||
22|2|624|B|1|0|2|750|16|9|0|0|2|ESTRATO_2|1|0|0|0|0|0|0|0|0|0|0|0|0|0|0|0|0|0|0|0|0|0|0|0|0|0||||||||
22|2|625|B|1|0|2|750|16|8|0|0|2|ESTRATO_2|1|0|0|0|0|0|0|0|0|0|0|0|0|0|0|0|0|0|0|0|0|0|0|0|0|0||||||||
22|2|626|B|1|0|3|750|16|8|0|0|2|ESTRATO_2|1|0|0|0|0|0|0|0|0|0|0|0|0|0|0|0|0|0|0|0|0|0|0|0|0|0||||||||
22|2|627|B|1|0|2|750|16|9|0|0|2|ESTRATO_2|1|0|0|0|0|0|0|0|0|0|0|0|0|0|0|0|0|0|0|0|0|0|0|0|0|0||||||||
22|2|628|B|1|0|3|750|16|9|0|0|2|ESTRATO_2|1|0|0|0|0|0|0|0|0|0|0|0|0|0|0|0|0|0|0|0|0|0|0|0|0|0||||||||
22|2|629|B|1|0|3|750|16|10|0|0|2|ESTRATO_2|1|0|0|0|0|0|0|0|0|0|0|0|0|0|0|0|0|0|0|0|0|0|0|0|0|0||||||||
22|2|630|B|1|0|3|750|16|8|0|0|2|ESTRATO_2|1|0|0|0|0|0|0|0|0|0|0|0|0|0|0|0|0|0|0|0|0|0|0|0|0|0||||||||
22|2|631|B|1|0|3|750|16|8|0|0|2|ESTRATO_2|1|0|0|0|0|0|0|0|0|0|0|0|0|0|0|0|0|0|0|0|0|0|0|0|0|0||||||||
22|2|632|B|1|0|2|750|16|9|0|0|2|ESTRATO_2|1|0|0|0|0|0|0|0|0|0|0|0|0|0|0|0|0|0|0|0|0|0|0|0|0|0||||||||
22|2|633|B|1|0|1|750|16|9|0|0|2|ESTRATO_2|1|0|0|0|0|0|0|0|0|0|0|0|0|0|0|0|0|0|0|0|0|0|0|0|0|0||||||||
22|2|634|B|1|0|2|750|16|9|0|0|2|ESTRATO_2|1|0|0|0|0|0|0|0|0|0|0|0|0|0|0|0|0|0|0|0|0|0|0|0|0|0||||||||
22|2|635|B|1|0|3|750|16|8|0|0|2|ESTRATO_2|1|0|0|0|0|0|0|0|0|0|0|0|0|0|0|0|0|0|0|0|0|0|0|0|0|0||||||||
22|2|636|B|1|0|3|750|16|8|0|0|2|ESTRATO_2|1|0|0|0|0|0|0|0|0|0|0|0|0|0|0|0|0|0|0|0|0|0|0|0|0|0||||||||
22|2|637|B|1|0|3|750|16|9|0|0|2|ESTRATO_2|1|0|0|0|0|0|0|0|0|0|0|0|0|0|0|0|0|0|0|0|0|0|0|0|0|0||||||||
22|2|638|B|1|0|2|750|16|9|0|0|2|ESTRATO_2|1|0|0|0|0|0|0|0|0|0|0|0|0|0|0|0|0|0|0|0|0|0|0|0|0|0||||||||
22|2|639|B|1|0|3|750|16|8|0|0|2|ESTRATO_2|1|0|0|0|0|0|0|0|0|0|0|0|0|0|0|0|0|0|0|0|0|0|0|0|0|0||||||||
22|2|640|B|1|0|2|750|16|9|0|0|2|ESTRATO_2|1|0|0|0|0|0|0|0|0|0|0|0|0|0|0|0|0|0|0|0|0|0|0|0|0|0||||||||
22|2|641|B|1|0|2|750|16|9|0|0|2|ESTRATO_2|1|0|0|0|0|0|0|0|0|0|0|0|0|0|0|0|0|0|0|0|0|0|0|0|0|0||||||||
22|2|642|B|1|0|2|750|16|9|0|0|2|ESTRATO_2|1|0|0|0|0|0|0|0|0|0|0|0|0|0|0|0|0|0|0|0|0|0|0|0|0|0||||||||
22|2|643|B|1|0|3|750|16|8|0|0|2|ESTRATO_2|1|0|0|0|0|0|0|0|0|0|0|0|0|0|0|0|0|0|0|0|0|0|0|0|0|0||||||||
22|2|644|B|1|0|1|750|17|11|0|0|2|ESTRATO_2|1|0|0|0|0|0|0|0|0|0|0|0|0|0|0|0|0|0|0|0|0|0|0|0|0|0||||||||
22|2|645|B|1|0|1|750|17|11|0|0|2|ESTRATO_2|1|0|0|0|0|0|0|0|0|0|0|0|0|0|0|0|0|0|0|0|0|0|0|0|0|0||||||||
22|2|646|B|1|0|1|750|17|11|0|0|2|ESTRATO_2|1|0|0|0|0|0|0|0|0|0|0|0|0|0|0|0|0|0|0|0|0|0|0|0|0|0||||||||
22|2|647|B|1|0|2|750|17|11|0|0|2|ESTRATO_2|1|0|0|0|0|0|0|0|0|0|0|0|0|0|0|0|0|0|0|0|0|0|0|0|0|0||||||||
22|2|648|B|1|0|1|750|17|11|0|0|2|ESTRATO_2|1|0|0|0|0|0|0|0|0|0|0|0|0|0|0|0|0|0|0|0|0|0|0|0|0|0||||||||
22|2|649|B|1|0|1|750|17|11|0|0|2|ESTRATO_2|1|0|0|0|0|0|0|0|0|0|0|0|0|0|0|0|0|0|0|0|0|0|0|0|0|0||||||||
22|2|650|B|1|0|1|750|17|11|0|0|2|ESTRATO_2|1|0|0|0|0|0|0|0|0|0|0|0|0|0|0|0|0|0|0|0|0|0|0|0|0|0||||||||
22|2|651|B|1|0|1|750|17|11|0|0|2|ESTRATO_2|1|0|0|0|0|0|0|0|0|0|0|0|0|0|0|0|0|0|0|0|0|0|0|0|0|0||||||||
22|2|652|B|1|0|1|750|17|11|0|0|2|ESTRATO_2|1|0|0|0|0|0|0|0|0|0|0|0|0|0|0|0|0|0|0|0|0|0|0|0|0|0||||||||
22|2|653|B|1|0|1|750|17|11|0|0|2|ESTRATO_2|1|0|0|0|0|0|0|0|0|0|0|0|0|0|0|0|0|0|0|0|0|0|0|0|0|0||||||||
22|2|654|B|1|0|2|750|17|11|0|0|2|ESTRATO_2|1|0|0|0|0|0|0|0|0|0|0|0|0|0|0|0|0|0|0|0|0|0|0|0|0|0||||||||
22|2|655|B|1|0|1|750|17|11|0|0|2|ESTRATO_2|1|0|0|0|0|0|0|0|0|0|0|0|0|0|0|0|0|0|0|0|0|0|0|0|0|0||||||||
22|2|656|B|1|0|1|750|17|11|0|0|2|ESTRATO_2|1|0|0|0|0|0|0|0|0|0|0|0|0|0|0|0|0|0|0|0|0|0|0|0|0|0||||||||
22|2|657|B|1|0|1|750|17|11|0|0|2|ESTRATO_2|1|0|0|0|0|0|0|0|0|0|0|0|0|0|0|0|0|0|0|0|0|0|0|0|0|0||||||||
22|2|658|B|1|0|1|750|17|11|0|0|2|ESTRATO_2|1|0|0|0|0|0|0|0|0|0|0|0|0|0|0|0|0|0|0|0|0|0|0|0|0|0||||||||
22|2|659|B|1|0|2|750|17|11|0|0|2|ESTRATO_2|1|0|0|0|0|0|0|0|0|0|0|0|0|0|0|0|0|0|0|0|0|0|0|0|0|0||||||||
22|2|660|B|1|0|2|750|17|11|0|0|2|ESTRATO_2|1|0|0|0|0|0|0|0|0|0|0|0|0|0|0|0|0|0|0|0|0|0|0|0|0|0||||||||
22|2|661|B|1|0|1|750|17|11|0|0|2|ESTRATO_2|1|0|0|0|0|0|0|0|0|0|0|0|0|0|0|0|0|0|0|0|0|0|0|0|0|0||||||||
22|2|662|B|1|0|3|750|17|11|0|0|2|ESTRATO_2|1|0|0|0|0|0|0|0|0|0|0|0|0|0|0|0|0|0|0|0|0|0|0|0|0|0||||||||
22|2|663|B|1|0|3|750|17|11|0|0|2|ESTRATO_2|1|0|0|0|0|0|0|0|0|0|0|0|0|0|0|0|0|0|0|0|0|0|0|0|0|0||||||||
22|2|664|B|1|0|3|750|17|11|0|0|2|ESTRATO_2|1|0|0|0|0|0|0|0|0|0|0|0|0|0|0|0|0|0|0|0|0|0|0|0|0|0||||||||
22|2|665|B|1|0|2|750|17|11|0|0|2|ESTRATO_2|1|0|0|0|0|0|0|0|0|0|0|0|0|0|0|0|0|0|0|0|0|0|0|0|0|0||||||||
22|2|666|B|1|0|2|750|17|11|0|0|2|ESTRATO_2|1|0|0|0|0|0|0|0|0|0|0|0|0|0|0|0|0|0|0|0|0|0|0|0|0|0||||||||
22|2|667|B|1|0|1|750|17|11|0|0|2|ESTRATO_2|1|0|0|0|0|0|0|0|0|0|0|0|0|0|0|0|0|0|0|0|0|0|0|0|0|0||||||||
22|2|668|B|1|0|2|750|17|11|0|0|2|ESTRATO_2|1|0|0|0|0|0|0|0|0|0|0|0|0|0|0|0|0|0|0|0|0|0|0|0|0|0||||||||
22|2|669|B|1|0|2|750|17|11|0|0|2|ESTRATO_2|1|0|0|0|0|0|0|0|0|0|0|0|0|0|0|0|0|0|0|0|0|0|0|0|0|0||||||||
22|2|670|B|1|0|3|750|17|11|0|0|2|ESTRATO_2|1|0|0|0|0|0|0|0|0|0|0|0|0|0|0|0|0|0|0|0|0|0|0|0|0|0||||||||
22|2|671|B|1|0|2|750|17|11|0|0|2|ESTRATO_2|1|0|0|0|0|0|0|0|0|0|0|0|0|0|0|0|0|0|0|0|0|0|0|0|0|0||||||||
22|2|672|B|1|0|2|750|17|11|0|0|2|ESTRATO_2|1|0|0|0|0|0|0|0|0|0|0|0|0|0|0|0|0|0|0|0|0|0|0|0|0|0||||||||
22|2|673|B|1|0|2|750|17|11|0|0|2|ESTRATO_2|1|0|0|0|0|0|0|0|0|0|0|0|0|0|0|0|0|0|0|0|0|0|0|0|0|0||||||||
22|2|797|B|1|0|1|750|16|9|0|0|2|ESTRATO_2|1|0|0|0|0|0|0|0|0|0|0|0|0|0|0|0|0|0|0|0|0|0|0|0|0|0||||||||
22|2|798|B|1|0|1|750|16|9|0|0|2|ESTRATO_2|1|0|0|0|0|0|0|0|0|0|0|0|0|0|0|0|0|0|0|0|0|0|0|0|0|0||||||||
22|2|799|B|1|0|1|750|16|9|0|0|2|ESTRATO_2|1|0|0|0|0|0|0|0|0|0|0|0|0|0|0|0|0|0|0|0|0|0|0|0|0|0||||||||
22|2|800|B|1|0|1|750|16|9|0|0|2|ESTRATO_2|1|0|0|0|0|0|0|0|0|0|0|0|0|0|0|0|0|0|0|0|0|0|0|0|0|0||||||||
22|2|801|B|1|0|1|750|16|9|0|0|2|ESTRATO_2|1|0|0|0|0|0|0|0|0|0|0|0|0|0|0|0|0|0|0|0|0|0|0|0|0|0||||||||
22|2|802|B|1|0|1|750|16|9|0|0|2|ESTRATO_2|1|0|0|0|0|0|0|0|0|0|0|0|0|0|0|0|0|0|0|0|0|0|0|0|0|0||||||||
22|2|803|B|1|0|1|750|16|9|0|0|2|ESTRATO_2|1|0|0|0|0|0|0|0|0|0|0|0|0|0|0|0|0|0|0|0|0|0|0|0|0|0||||||||
22|2|804|B|1|0|1|750|16|9|0|0|2|ESTRATO_2|1|0|0|0|0|0|0|0|0|0|0|0|0|0|0|0|0|0|0|0|0|0|0|0|0|0||||||||
22|2|805|B|1|0|1|750|16|9|0|0|2|ESTRATO_2|1|0|0|0|0|0|0|0|0|0|0|0|0|0|0|0|0|0|0|0|0|0|0|0|0|0||||||||
22|2|806|B|1|0|1|750|16|9|0|0|2|ESTRATO_2|1|0|0|0|0|0|0|0|0|0|0|0|0|0|0|0|0|0|0|0|0|0|0|0|0|0||||||||
22|2|807|B|1|0|1|750|16|9|0|0|2|ESTRATO_2|1|0|0|0|0|0|0|0|0|0|0|0|0|0|0|0|0|0|0|0|0|0|0|0|0|0||||||||
22|2|808|B|1|0|1|750|16|9|0|0|2|ESTRATO_2|1|0|0|0|0|0|0|0|0|0|0|0|0|0|0|0|0|0|0|0|0|0|0|0|0|0||||||||
22|2|809|B|1|0|1|750|16|9|0|0|2|ESTRATO_2|1|0|0|0|0|0|0|0|0|0|0|0|0|0|0|0|0|0|0|0|0|0|0|0|0|0||||||||
22|2|810|B|1|0|1|750|16|9|0|0|2|ESTRATO_2|1|0|0|0|0|0|0|0|0|0|0|0|0|0|0|0|0|0|0|0|0|0|0|0|0|0||||||||
22|2|811|B|1|0|1|750|16|9|0|0|2|ESTRATO_2|1|0|0|0|0|0|0|0|0|0|0|0|0|0|0|0|0|0|0|0|0|0|0|0|0|0||||||||
22|2|812|B|1|0|1|750|16|9|0|0|2|ESTRATO_2|1|0|0|0|0|0|0|0|0|0|0|0|0|0|0|0|0|0|0|0|0|0|0|0|0|0||||||||
22|2|813|B|1|0|1|750|16|9|0|0|2|ESTRATO_2|1|0|0|0|0|0|0|0|0|0|0|0|0|0|0|0|0|0|0|0|0|0|0|0|0|0||||||||
22|2|814|B|1|0|1|750|16|9|0|0|2|ESTRATO_2|1|0|0|0|0|0|0|0|0|0|0|0|0|0|0|0|0|0|0|0|0|0|0|0|0|0||||||||
22|2|815|B|1|0|1|750|16|9|0|0|2|ESTRATO_2|1|0|0|0|0|0|0|0|0|0|0|0|0|0|0|0|0|0|0|0|0|0|0|0|0|0||||||||
22|2|816|B|1|0|1|750|16|9|0|0|2|ESTRATO_2|1|0|0|0|0|0|0|0|0|0|0|0|0|0|0|0|0|0|0|0|0|0|0|0|0|0||||||||
22|2|817|B|1|0|1|750|16|9|0|0|2|ESTRATO_2|1|0|0|0|0|0|0|0|0|0|0|0|0|0|0|0|0|0|0|0|0|0|0|0|0|0||||||||
22|2|818|B|1|0|1|750|16|9|0|0|2|ESTRATO_2|1|0|0|0|0|0|0|0|0|0|0|0|0|0|0|0|0|0|0|0|0|0|0|0|0|0||||||||
22|2|898|B|1|0|2|750|16|10|0|0|2|ESTRATO_2|1|0|0|0|0|0|0|0|0|0|0|0|0|0|0|0|0|0|0|0|0|0|0|0|0|0||||||||
22|2|899|B|1|0|3|750|16|10|0|0|2|ESTRATO_2|1|0|0|0|0|0|0|0|0|0|0|0|0|0|0|0|0|0|0|0|0|0|0|0|0|0||||||||
22|2|900|B|1|0|2|750|16|8|0|0|2|ESTRATO_2|1|0|0|0|0|0|0|0|0|0|0|0|0|0|0|0|0|0|0|0|0|0|0|0|0|0||||||||
22|2|901|B|1|0|3|750|16|8|0|0|2|ESTRATO_2|1|0|0|0|0|0|0|0|0|0|0|0|0|0|0|0|0|0|0|0|0|0|0|0|0|0||||||||
22|3|266|B|1|0|1|750|14|13|0|0|3|ESTRATO_3|1|0|0|0|0|0|0|0|0|0|0|0|0|0|0|0|0|0|0|0|0|0|0|0|0|0||||||||
22|3|267|B|1|0|1|750|14|13|0|0|3|ESTRATO_3|1|0|0|0|0|0|0|0|0|0|0|0|0|0|0|0|0|0|0|0|0|0|0|0|0|0||||||||
22|3|268|B|1|0|2|750|14|13|0|0|3|ESTRATO_3|1|0|0|0|0|0|0|0|0|0|0|0|0|0|0|0|0|0|0|0|0|0|0|0|0|0||||||||
22|3|269|B|1|0|1|750|14|3|0|0|3|ESTRATO_3|1|0|0|0|0|0|0|0|0|0|0|0|0|0|0|0|0|0|0|0|0|0|0|0|0|0||||||||
22|3|270|B|1|0|1|750|14|3|0|0|3|ESTRATO_3|1|0|0|0|0|0|0|0|0|0|0|0|0|0|0|0|0|0|0|0|0|0|0|0|0|0||||||||
22|3|272|B|1|0|1|750|14|3|0|0|3|ESTRATO_3|1|0|0|0|0|0|0|0|0|0|0|0|0|0|0|0|0|0|0|0|0|0|0|0|0|0||||||||
22|3|274|B|1|0|1|750|14|3|0|0|3|ESTRATO_3|1|0|0|0|0|0|0|0|0|0|0|0|0|0|0|0|0|0|0|0|0|0|0|0|0|0||||||||
22|3|278|B|1|0|1|750|14|1|0|0|3|ESTRATO_3|1|0|0|0|0|0|0|0|0|0|0|0|0|0|0|0|0|0|0|0|0|0|0|0|0|0||||||||
22|3|279|B|1|0|1|750|14|3|0|0|3|ESTRATO_3|1|0|0|0|0|0|0|0|0|0|0|0|0|0|0|0|0|0|0|0|0|0|0|0|0|0||||||||
22|3|280|B|1|0|1|750|14|3|0|0|3|ESTRATO_3|1|0|0|0|0|0|0|0|0|0|0|0|0|0|0|0|0|0|0|0|0|0|0|0|0|0||||||||
22|3|281|B|1|0|1|750|14|3|0|0|3|ESTRATO_3|1|0|0|0|0|0|0|0|0|0|0|0|0|0|0|0|0|0|0|0|0|0|0|0|0|0||||||||
22|3|282|B|1|0|1|750|14|3|0|0|3|ESTRATO_3|1|0|0|0|0|0|0|0|0|0|0|0|0|0|0|0|0|0|0|0|0|0|0|0|0|0||||||||
22|3|283|B|1|0|1|750|14|3|0|0|3|ESTRATO_3|1|0|0|0|0|0|0|0|0|0|0|0|0|0|0|0|0|0|0|0|0|0|0|0|0|0||||||||
22|3|284|B|1|0|1|750|14|3|0|0|3|ESTRATO_3|1|0|0|0|0|0|0|0|0|0|0|0|0|0|0|0|0|0|0|0|0|0|0|0|0|0||||||||
22|3|289|B|1|0|1|750|14|3|0|0|3|ESTRATO_3|1|0|0|0|0|0|0|0|0|0|0|0|0|0|0|0|0|0|0|0|0|0|0|0|0|0||||||||
22|3|290|B|1|0|1|750|14|3|0|0|3|ESTRATO_3|1|0|0|0|0|0|0|0|0|0|0|0|0|0|0|0|0|0|0|0|0|0|0|0|0|0||||||||
22|3|291|B|1|0|1|750|14|3|0|0|3|ESTRATO_3|1|0|0|0|0|0|0|0|0|0|0|0|0|0|0|0|0|0|0|0|0|0|0|0|0|0||||||||
22|3|292|B|1|0|1|750|14|3|0|0|3|ESTRATO_3|1|0|0|0|0|0|0|0|0|0|0|0|0|0|0|0|0|0|0|0|0|0|0|0|0|0||||||||
22|3|294|B|1|0|1|750|14|3|0|0|3|ESTRATO_3|1|0|0|0|0|0|0|0|0|0|0|0|0|0|0|0|0|0|0|0|0|0|0|0|0|0||||||||
22|3|297|B|1|0|1|750|14|3|0|0|3|ESTRATO_3|1|0|0|0|0|0|0|0|0|0|0|0|0|0|0|0|0|0|0|0|0|0|0|0|0|0||||||||
22|3|298|B|1|0|1|750|14|3|0|0|3|ESTRATO_3|1|0|0|0|0|0|0|0|0|0|0|0|0|0|0|0|0|0|0|0|0|0|0|0|0|0||||||||
22|3|299|B|1|0|1|750|14|3|0|0|3|ESTRATO_3|1|0|0|0|0|0|0|0|0|0|0|0|0|0|0|0|0|0|0|0|0|0|0|0|0|0||||||||
22|3|300|B|1|0|1|750|14|3|0|0|3|ESTRATO_3|1|0|0|0|0|0|0|0|0|0|0|0|0|0|0|0|0|0|0|0|0|0|0|0|0|0||||||||
22|3|301|B|1|0|1|750|14|3|0|0|3|ESTRATO_3|1|0|0|0|0|0|0|0|0|0|0|0|0|0|0|0|0|0|0|0|0|0|0|0|0|0||||||||
22|3|302|B|1|0|1|750|14|3|0|0|3|ESTRATO_3|1|0|0|0|0|0|0|0|0|0|0|0|0|0|0|0|0|0|0|0|0|0|0|0|0|0||||||||
22|3|306|B|1|0|1|750|14|2|0|0|3|ESTRATO_3|1|0|0|0|0|0|0|0|0|0|0|0|0|0|0|0|0|0|0|0|0|0|0|0|0|0||||||||
22|3|307|B|1|0|1|750|14|2|0|0|3|ESTRATO_3|1|0|0|0|0|0|0|0|0|0|0|0|0|0|0|0|0|0|0|0|0|0|0|0|0|0||||||||
22|3|308|B|1|0|1|750|14|3|0|0|3|ESTRATO_3|1|0|0|0|0|0|0|0|0|0|0|0|0|0|0|0|0|0|0|0|0|0|0|0|0|0||||||||
22|3|309|B|1|0|1|750|14|2|0|0|3|ESTRATO_3|1|0|0|0|0|0|0|0|0|0|0|0|0|0|0|0|0|0|0|0|0|0|0|0|0|0||||||||
22|3|310|B|1|0|1|750|14|2|0|0|3|ESTRATO_3|1|0|0|0|0|0|0|0|0|0|0|0|0|0|0|0|0|0|0|0|0|0|0|0|0|0||||||||
22|3|311|B|1|0|1|750|14|2|0|0|3|ESTRATO_3|1|0|0|0|0|0|0|0|0|0|0|0|0|0|0|0|0|0|0|0|0|0|0|0|0|0||||||||
22|3|312|B|1|0|1|750|14|2|0|0|3|ESTRATO_3|1|0|0|0|0|0|0|0|0|0|0|0|0|0|0|0|0|0|0|0|0|0|0|0|0|0||||||||
22|3|314|B|1|0|1|750|14|2|0|0|3|ESTRATO_3|1|0|0|0|0|0|0|0|0|0|0|0|0|0|0|0|0|0|0|0|0|0|0|0|0|0||||||||
22|3|315|B|1|0|1|750|14|2|0|0|3|ESTRATO_3|1|0|0|0|0|0|0|0|0|0|0|0|0|0|0|0|0|0|0|0|0|0|0|0|0|0||||||||
22|3|316|B|1|0|1|750|14|2|0|0|3|ESTRATO_3|1|0|0|0|0|0|0|0|0|0|0|0|0|0|0|0|0|0|0|0|0|0|0|0|0|0||||||||
22|3|317|B|1|0|1|750|14|2|0|0|3|ESTRATO_3|1|0|0|0|0|0|0|0|0|0|0|0|0|0|0|0|0|0|0|0|0|0|0|0|0|0||||||||
22|3|321|B|1|0|1|750|14|2|0|0|3|ESTRATO_3|1|0|0|0|0|0|0|0|0|0|0|0|0|0|0|0|0|0|0|0|0|0|0|0|0|0||||||||
22|3|322|B|1|0|1|750|14|2|0|0|3|ESTRATO_3|1|0|0|0|0|0|0|0|0|0|0|0|0|0|0|0|0|0|0|0|0|0|0|0|0|0||||||||
22|3|323|B|1|0|1|750|14|2|0|0|3|ESTRATO_3|1|0|0|0|0|0|0|0|0|0|0|0|0|0|0|0|0|0|0|0|0|0|0|0|0|0||||||||
22|3|324|B|1|0|1|750|14|2|0|0|3|ESTRATO_3|1|0|0|0|0|0|0|0|0|0|0|0|0|0|0|0|0|0|0|0|0|0|0|0|0|0||||||||
22|3|325|B|1|0|1|750|14|2|0|0|3|ESTRATO_3|1|0|0|0|0|0|0|0|0|0|0|0|0|0|0|0|0|0|0|0|0|0|0|0|0|0||||||||
22|3|329|B|1|0|1|750|14|2|0|0|3|ESTRATO_3|1|0|0|0|0|0|0|0|0|0|0|0|0|0|0|0|0|0|0|0|0|0|0|0|0|0||||||||
22|3|330|B|1|0|1|750|14|2|0|0|3|ESTRATO_3|1|0|0|0|0|0|0|0|0|0|0|0|0|0|0|0|0|0|0|0|0|0|0|0|0|0||||||||
22|3|331|B|1|0|1|750|14|2|0|0|3|ESTRATO_3|1|0|0|0|0|0|0|0|0|0|0|0|0|0|0|0|0|0|0|0|0|0|0|0|0|0||||||||
22|3|339|B|1|0|1|750|14|2|0|0|3|ESTRATO_3|1|0|0|0|0|0|0|0|0|0|0|0|0|0|0|0|0|0|0|0|0|0|0|0|0|0||||||||
22|3|340|B|1|0|1|750|14|2|0|0|3|ESTRATO_3|1|0|0|0|0|0|0|0|0|0|0|0|0|0|0|0|0|0|0|0|0|0|0|0|0|0||||||||
22|3|341|B|1|0|1|750|14|2|0|0|3|ESTRATO_3|1|0|0|0|0|0|0|0|0|0|0|0|0|0|0|0|0|0|0|0|0|0|0|0|0|0||||||||
22|3|342|B|1|0|1|750|14|2|0|0|3|ESTRATO_3|1|0|0|0|0|0|0|0|0|0|0|0|0|0|0|0|0|0|0|0|0|0|0|0|0|0||||||||
22|3|343|B|1|0|1|750|14|2|0|0|3|ESTRATO_3|1|0|0|0|0|0|0|0|0|0|0|0|0|0|0|0|0|0|0|0|0|0|0|0|0|0||||||||
22|3|344|B|1|0|1|750|14|2|0|0|3|ESTRATO_3|1|0|0|0|0|0|0|0|0|0|0|0|0|0|0|0|0|0|0|0|0|0|0|0|0|0||||||||
22|3|345|B|1|0|1|750|14|2|0|0|3|ESTRATO_3|1|0|0|0|0|0|0|0|0|0|0|0|0|0|0|0|0|0|0|0|0|0|0|0|0|0||||||||
22|3|346|B|1|0|1|750|14|2|0|0|3|ESTRATO_3|1|0|0|0|0|0|0|0|0|0|0|0|0|0|0|0|0|0|0|0|0|0|0|0|0|0||||||||
22|3|355|B|1|0|1|750|14|2|0|0|3|ESTRATO_3|1|0|0|0|0|0|0|0|0|0|0|0|0|0|0|0|0|0|0|0|0|0|0|0|0|0||||||||
22|3|356|B|1|0|1|750|14|2|0|0|3|ESTRATO_3|1|0|0|0|0|0|0|0|0|0|0|0|0|0|0|0|0|0|0|0|0|0|0|0|0|0||||||||
22|3|357|B|1|0|1|750|14|2|0|0|3|ESTRATO_3|1|0|0|0|0|0|0|0|0|0|0|0|0|0|0|0|0|0|0|0|0|0|0|0|0|0||||||||
22|3|358|B|1|0|1|750|14|2|0|0|3|ESTRATO_3|1|0|0|0|0|0|0|0|0|0|0|0|0|0|0|0|0|0|0|0|0|0|0|0|0|0||||||||
22|3|359|B|1|0|1|750|14|2|0|0|3|ESTRATO_3|1|0|0|0|0|0|0|0|0|0|0|0|0|0|0|0|0|0|0|0|0|0|0|0|0|0||||||||
22|3|360|B|1|0|1|750|14|2|0|0|3|ESTRATO_3|1|0|0|0|0|0|0|0|0|0|0|0|0|0|0|0|0|0|0|0|0|0|0|0|0|0||||||||
22|3|381|B|1|0|1|750|14|2|0|0|3|ESTRATO_3|1|0|0|0|0|0|0|0|0|0|0|0|0|0|0|0|0|0|0|0|0|0|0|0|0|0||||||||
22|3|395|B|1|0|1|750|14|2|0|0|3|ESTRATO_3|1|0|0|0|0|0|0|0|0|0|0|0|0|0|0|0|0|0|0|0|0|0|0|0|0|0||||||||
22|3|396|B|1|0|1|750|14|2|0|0|3|ESTRATO_3|1|0|0|0|0|0|0|0|0|0|0|0|0|0|0|0|0|0|0|0|0|0|0|0|0|0||||||||
22|3|397|B|1|0|1|750|14|2|0|0|3|ESTRATO_3|1|0|0|0|0|0|0|0|0|0|0|0|0|0|0|0|0|0|0|0|0|0|0|0|0|0||||||||
22|3|416|B|1|0|2|750|14|2|0|0|3|ESTRATO_3|1|0|0|0|0|0|0|0|0|0|0|0|0|0|0|0|0|0|0|0|0|0|0|0|0|0||||||||
22|3|516|B|1|0|3|750|14|13|0|0|3|ESTRATO_3|1|0|0|0|0|0|0|0|0|0|0|0|0|0|0|0|0|0|0|0|0|0|0|0|0|0||||||||
22|3|518|B|1|0|2|750|14|13|0|0|3|ESTRATO_3|1|0|0|0|0|0|0|0|0|0|0|0|0|0|0|0|0|0|0|0|0|0|0|0|0|0||||||||
22|3|519|B|1|0|2|750|14|13|0|0|3|ESTRATO_3|1|0|0|0|0|0|0|0|0|0|0|0|0|0|0|0|0|0|0|0|0|0|0|0|0|0||||||||
22|3|520|B|1|0|3|750|14|13|0|0|3|ESTRATO_3|1|0|0|0|0|0|0|0|0|0|0|0|0|0|0|0|0|0|0|0|0|0|0|0|0|0||||||||
22|3|521|B|1|0|3|750|14|13|0|0|3|ESTRATO_3|1|0|0|0|0|0|0|0|0|0|0|0|0|0|0|0|0|0|0|0|0|0|0|0|0|0||||||||
22|3|522|B|1|0|1|750|14|13|0|0|3|ESTRATO_3|1|0|0|0|0|0|0|0|0|0|0|0|0|0|0|0|0|0|0|0|0|0|0|0|0|0||||||||
22|3|523|B|1|0|2|750|14|13|0|0|3|ESTRATO_3|1|0|0|0|0|0|0|0|0|0|0|0|0|0|0|0|0|0|0|0|0|0|0|0|0|0||||||||
22|3|524|B|1|0|2|750|14|13|0|0|3|ESTRATO_3|1|0|0|0|0|0|0|0|0|0|0|0|0|0|0|0|0|0|0|0|0|0|0|0|0|0||||||||
22|3|525|B|1|0|3|750|14|13|0|0|3|ESTRATO_3|1|0|0|0|0|0|0|0|0|0|0|0|0|0|0|0|0|0|0|0|0|0|0|0|0|0||||||||
22|3|526|B|1|0|2|750|14|13|0|0|3|ESTRATO_3|1|0|0|0|0|0|0|0|0|0|0|0|0|0|0|0|0|0|0|0|0|0|0|0|0|0||||||||
22|3|527|B|1|0|2|750|14|13|0|0|3|ESTRATO_3|1|0|0|0|0|0|0|0|0|0|0|0|0|0|0|0|0|0|0|0|0|0|0|0|0|0||||||||
22|3|528|B|1|0|2|750|14|13|0|0|3|ESTRATO_3|1|0|0|0|0|0|0|0|0|0|0|0|0|0|0|0|0|0|0|0|0|0|0|0|0|0||||||||
22|3|529|B|1|0|2|750|14|13|0|0|3|ESTRATO_3|1|0|0|0|0|0|0|0|0|0|0|0|0|0|0|0|0|0|0|0|0|0|0|0|0|0||||||||
22|3|530|B|1|0|3|750|14|13|0|0|3|ESTRATO_3|1|0|0|0|0|0|0|0|0|0|0|0|0|0|0|0|0|0|0|0|0|0|0|0|0|0||||||||
22|3|531|B|1|0|1|750|14|13|0|0|3|ESTRATO_3|1|0|0|0|0|0|0|0|0|0|0|0|0|0|0|0|0|0|0|0|0|0|0|0|0|0||||||||
22|3|532|B|1|0|1|750|14|13|0|0|3|ESTRATO_3|1|0|0|0|0|0|0|0|0|0|0|0|0|0|0|0|0|0|0|0|0|0|0|0|0|0||||||||
22|3|533|B|1|0|1|750|14|13|0|0|3|ESTRATO_3|1|0|0|0|0|0|0|0|0|0|0|0|0|0|0|0|0|0|0|0|0|0|0|0|0|0||||||||
22|3|534|B|1|0|1|750|14|13|0|0|3|ESTRATO_3|1|0|0|0|0|0|0|0|0|0|0|0|0|0|0|0|0|0|0|0|0|0|0|0|0|0||||||||
22|3|535|B|1|0|1|750|14|13|0|0|3|ESTRATO_3|1|0|0|0|0|0|0|0|0|0|0|0|0|0|0|0|0|0|0|0|0|0|0|0|0|0||||||||
22|3|536|B|1|0|1|750|14|13|0|0|3|ESTRATO_3|1|0|0|0|0|0|0|0|0|0|0|0|0|0|0|0|0|0|0|0|0|0|0|0|0|0||||||||
22|3|537|B|1|0|1|750|14|13|0|0|3|ESTRATO_3|1|0|0|0|0|0|0|0|0|0|0|0|0|0|0|0|0|0|0|0|0|0|0|0|0|0||||||||
22|3|538|B|1|0|1|750|14|13|0|0|3|ESTRATO_3|1|0|0|0|0|0|0|0|0|0|0|0|0|0|0|0|0|0|0|0|0|0|0|0|0|0||||||||
22|3|539|B|1|0|2|750|14|13|0|0|3|ESTRATO_3|1|0|0|0|0|0|0|0|0|0|0|0|0|0|0|0|0|0|0|0|0|0|0|0|0|0||||||||
22|3|540|B|1|0|2|750|14|13|0|0|3|ESTRATO_3|1|0|0|0|0|0|0|0|0|0|0|0|0|0|0|0|0|0|0|0|0|0|0|0|0|0||||||||
22|3|542|B|1|0|1|750|14|13|0|0|3|ESTRATO_3|1|0|0|0|0|0|0|0|0|0|0|0|0|0|0|0|0|0|0|0|0|0|0|0|0|0||||||||
22|3|543|B|1|0|3|750|14|13|0|0|3|ESTRATO_3|1|0|0|0|0|0|0|0|0|0|0|0|0|0|0|0|0|0|0|0|0|0|0|0|0|0||||||||
22|3|544|B|1|0|1|750|14|13|0|0|3|ESTRATO_3|1|0|0|0|0|0|0|0|0|0|0|0|0|0|0|0|0|0|0|0|0|0|0|0|0|0||||||||
22|3|545|B|1|0|2|750|14|13|0|0|3|ESTRATO_3|1|0|0|0|0|0|0|0|0|0|0|0|0|0|0|0|0|0|0|0|0|0|0|0|0|0||||||||
22|3|546|B|1|0|2|750|14|13|0|0|3|ESTRATO_3|1|0|0|0|0|0|0|0|0|0|0|0|0|0|0|0|0|0|0|0|0|0|0|0|0|0||||||||
22|3|547|B|1|0|2|750|14|13|0|0|3|ESTRATO_3|1|0|0|0|0|0|0|0|0|0|0|0|0|0|0|0|0|0|0|0|0|0|0|0|0|0||||||||
22|3|548|B|1|0|2|750|14|13|0|0|3|ESTRATO_3|1|0|0|0|0|0|0|0|0|0|0|0|0|0|0|0|0|0|0|0|0|0|0|0|0|0||||||||
22|3|549|B|1|0|2|750|14|13|0|0|3|ESTRATO_3|1|0|0|0|0|0|0|0|0|0|0|0|0|0|0|0|0|0|0|0|0|0|0|0|0|0||||||||
22|3|552|B|1|0|1|750|14|2|0|0|3|ESTRATO_3|1|0|0|0|0|0|0|0|0|0|0|0|0|0|0|0|0|0|0|0|0|0|0|0|0|0||||||||
22|3|553|B|1|0|2|750|14|2|0|0|3|ESTRATO_3|1|0|0|0|0|0|0|0|0|0|0|0|0|0|0|0|0|0|0|0|0|0|0|0|0|0||||||||
22|3|696|B|1|0|3|750|14|13|0|0|3|ESTRATO_3|1|0|0|0|0|0|0|0|0|0|0|0|0|0|0|0|0|0|0|0|0|0|0|0|0|0||||||||
22|3|699|B|1|0|1|750|14|1|0|0|3|ESTRATO_3|1|0|0|0|0|0|0|0|0|0|0|0|0|0|0|0|0|0|0|0|0|0|0|0|0|0||||||||
22|3|700|B|1|0|1|750|14|1|0|0|3|ESTRATO_3|1|0|0|0|0|0|0|0|0|0|0|0|0|0|0|0|0|0|0|0|0|0|0|0|0|0||||||||
22|3|701|B|1|0|1|750|14|1|0|0|3|ESTRATO_3|1|0|0|0|0|0|0|0|0|0|0|0|0|0|0|0|0|0|0|0|0|0|0|0|0|0||||||||
22|3|702|B|1|0|1|750|14|1|0|0|3|ESTRATO_3|1|0|0|0|0|0|0|0|0|0|0|0|0|0|0|0|0|0|0|0|0|0|0|0|0|0||||||||
22|3|703|B|1|0|1|750|14|1|0|0|3|ESTRATO_3|1|0|0|0|0|0|0|0|0|0|0|0|0|0|0|0|0|0|0|0|0|0|0|0|0|0||||||||
22|3|727|B|1|0|1|750|14|4|0|0|3|ESTRATO_3|1|0|0|0|0|0|0|0|0|0|0|0|0|0|0|0|0|0|0|0|0|0|0|0|0|0||||||||
22|3|728|B|1|0|1|750|14|4|0|0|3|ESTRATO_3|1|0|0|0|0|0|0|0|0|0|0|0|0|0|0|0|0|0|0|0|0|0|0|0|0|0||||||||
22|3|729|B|1|0|1|750|14|4|0|0|3|ESTRATO_3|1|0|0|0|0|0|0|0|0|0|0|0|0|0|0|0|0|0|0|0|0|0|0|0|0|0||||||||
22|3|730|B|1|0|1|750|14|1|0|0|3|ESTRATO_3|1|0|0|0|0|0|0|0|0|0|0|0|0|0|0|0|0|0|0|0|0|0|0|0|0|0||||||||
22|3|731|B|1|0|1|750|14|1|0|0|3|ESTRATO_3|1|0|0|0|0|0|0|0|0|0|0|0|0|0|0|0|0|0|0|0|0|0|0|0|0|0||||||||
22|3|732|B|1|0|1|750|14|1|0|0|3|ESTRATO_3|1|0|0|0|0|0|0|0|0|0|0|0|0|0|0|0|0|0|0|0|0|0|0|0|0|0||||||||
22|3|733|B|1|0|1|750|14|1|0|0|3|ESTRATO_3|1|0|0|0|0|0|0|0|0|0|0|0|0|0|0|0|0|0|0|0|0|0|0|0|0|0||||||||
22|3|734|B|1|0|1|750|14|3|0|0|3|ESTRATO_3|1|0|0|0|0|0|0|0|0|0|0|0|0|0|0|0|0|0|0|0|0|0|0|0|0|0||||||||
22|3|735|B|1|0|1|750|14|3|0|0|3|ESTRATO_3|1|0|0|0|0|0|0|0|0|0|0|0|0|0|0|0|0|0|0|0|0|0|0|0|0|0||||||||
22|3|736|B|1|0|1|750|14|3|0|0|3|ESTRATO_3|1|0|0|0|0|0|0|0|0|0|0|0|0|0|0|0|0|0|0|0|0|0|0|0|0|0||||||||
22|3|737|B|1|0|1|750|14|3|0|0|3|ESTRATO_3|1|0|0|0|0|0|0|0|0|0|0|0|0|0|0|0|0|0|0|0|0|0|0|0|0|0||||||||
22|3|738|B|1|0|1|750|14|3|0|0|3|ESTRATO_3|1|0|0|0|0|0|0|0|0|0|0|0|0|0|0|0|0|0|0|0|0|0|0|0|0|0||||||||
22|3|739|B|1|0|1|750|14|3|0|0|3|ESTRATO_3|1|0|0|0|0|0|0|0|0|0|0|0|0|0|0|0|0|0|0|0|0|0|0|0|0|0||||||||
22|3|740|B|1|0|1|750|14|3|0|0|3|ESTRATO_3|1|0|0|0|0|0|0|0|0|0|0|0|0|0|0|0|0|0|0|0|0|0|0|0|0|0||||||||
22|3|741|B|1|0|1|750|14|3|0|0|3|ESTRATO_3|1|0|0|0|0|0|0|0|0|0|0|0|0|0|0|0|0|0|0|0|0|0|0|0|0|0||||||||
22|3|742|B|1|0|1|750|14|3|0|0|3|ESTRATO_3|1|0|0|0|0|0|0|0|0|0|0|0|0|0|0|0|0|0|0|0|0|0|0|0|0|0||||||||
22|3|743|B|1|0|1|750|14|3|0|0|3|ESTRATO_3|1|0|0|0|0|0|0|0|0|0|0|0|0|0|0|0|0|0|0|0|0|0|0|0|0|0||||||||
22|3|744|B|1|0|1|750|14|3|0|0|3|ESTRATO_3|1|0|0|0|0|0|0|0|0|0|0|0|0|0|0|0|0|0|0|0|0|0|0|0|0|0||||||||
22|3|745|B|1|0|1|750|14|3|0|0|3|ESTRATO_3|1|0|0|0|0|0|0|0|0|0|0|0|0|0|0|0|0|0|0|0|0|0|0|0|0|0||||||||
22|3|746|B|1|0|1|750|14|3|0|0|3|ESTRATO_3|1|0|0|0|0|0|0|0|0|0|0|0|0|0|0|0|0|0|0|0|0|0|0|0|0|0||||||||
22|3|747|B|1|0|1|750|14|3|0|0|3|ESTRATO_3|1|0|0|0|0|0|0|0|0|0|0|0|0|0|0|0|0|0|0|0|0|0|0|0|0|0||||||||
22|3|748|B|1|0|1|750|14|3|0|0|3|ESTRATO_3|1|0|0|0|0|0|0|0|0|0|0|0|0|0|0|0|0|0|0|0|0|0|0|0|0|0||||||||
22|3|749|B|1|0|1|750|14|3|0|0|3|ESTRATO_3|1|0|0|0|0|0|0|0|0|0|0|0|0|0|0|0|0|0|0|0|0|0|0|0|0|0||||||||
22|3|750|B|1|0|1|750|14|3|0|0|3|ESTRATO_3|1|0|0|0|0|0|0|0|0|0|0|0|0|0|0|0|0|0|0|0|0|0|0|0|0|0||||||||
22|3|751|B|1|0|1|750|14|3|0|0|3|ESTRATO_3|1|0|0|0|0|0|0|0|0|0|0|0|0|0|0|0|0|0|0|0|0|0|0|0|0|0||||||||
22|3|752|B|1|0|1|750|14|3|0|0|3|ESTRATO_3|1|0|0|0|0|0|0|0|0|0|0|0|0|0|0|0|0|0|0|0|0|0|0|0|0|0||||||||
22|3|753|B|1|0|1|750|14|3|0|0|3|ESTRATO_3|1|0|0|0|0|0|0|0|0|0|0|0|0|0|0|0|0|0|0|0|0|0|0|0|0|0||||||||
22|3|754|B|1|0|1|750|14|13|0|0|3|ESTRATO_3|1|0|0|0|0|0|0|0|0|0|0|0|0|0|0|0|0|0|0|0|0|0|0|0|0|0||||||||
22|3|755|B|1|0|1|750|14|3|0|0|3|ESTRATO_3|1|0|0|0|0|0|0|0|0|0|0|0|0|0|0|0|0|0|0|0|0|0|0|0|0|0||||||||
22|3|756|B|1|0|1|750|14|3|0|0|3|ESTRATO_3|1|0|0|0|0|0|0|0|0|0|0|0|0|0|0|0|0|0|0|0|0|0|0|0|0|0||||||||
22|3|757|B|1|0|1|750|14|3|0|0|3|ESTRATO_3|1|0|0|0|0|0|0|0|0|0|0|0|0|0|0|0|0|0|0|0|0|0|0|0|0|0||||||||
22|3|758|B|1|0|1|750|14|2|0|0|3|ESTRATO_3|1|0|0|0|0|0|0|0|0|0|0|0|0|0|0|0|0|0|0|0|0|0|0|0|0|0||||||||
22|3|759|B|1|0|1|750|14|13|0|0|3|ESTRATO_3|1|0|0|0|0|0|0|0|0|0|0|0|0|0|0|0|0|0|0|0|0|0|0|0|0|0||||||||
22|3|819|B|1|0|1|750|14|2|0|0|3|ESTRATO_3|1|0|0|0|0|0|0|0|0|0|0|0|0|0|0|0|0|0|0|0|0|0|0|0|0|0||||||||
22|3|820|B|1|0|1|750|14|2|0|0|3|ESTRATO_3|1|0|0|0|0|0|0|0|0|0|0|0|0|0|0|0|0|0|0|0|0|0|0|0|0|0||||||||
22|3|821|B|1|0|1|750|14|2|0|0|3|ESTRATO_3|1|0|0|0|0|0|0|0|0|0|0|0|0|0|0|0|0|0|0|0|0|0|0|0|0|0||||||||
22|3|822|B|1|0|1|750|14|3|0|0|3|ESTRATO_3|1|0|0|0|0|0|0|0|0|0|0|0|0|0|0|0|0|0|0|0|0|0|0|0|0|0||||||||
22|3|823|B|1|0|1|750|14|3|0|0|3|ESTRATO_3|1|0|0|0|0|0|0|0|0|0|0|0|0|0|0|0|0|0|0|0|0|0|0|0|0|0||||||||
22|3|824|B|1|0|1|750|14|3|0|0|3|ESTRATO_3|1|0|0|0|0|0|0|0|0|0|0|0|0|0|0|0|0|0|0|0|0|0|0|0|0|0||||||||
22|3|825|B|1|0|1|750|14|2|0|0|3|ESTRATO_3|1|0|0|0|0|0|0|0|0|0|0|0|0|0|0|0|0|0|0|0|0|0|0|0|0|0||||||||
22|3|826|B|1|0|1|750|14|3|0|0|3|ESTRATO_3|1|0|0|0|0|0|0|0|0|0|0|0|0|0|0|0|0|0|0|0|0|0|0|0|0|0||||||||
22|3|827|B|1|0|1|750|14|2|0|0|3|ESTRATO_3|1|0|0|0|0|0|0|0|0|0|0|0|0|0|0|0|0|0|0|0|0|0|0|0|0|0||||||||
22|3|828|B|1|0|1|750|14|3|0|0|3|ESTRATO_3|1|0|0|0|0|0|0|0|0|0|0|0|0|0|0|0|0|0|0|0|0|0|0|0|0|0||||||||
22|3|829|B|1|0|2|750|14|2|0|0|3|ESTRATO_3|1|0|0|0|0|0|0|0|0|0|0|0|0|0|0|0|0|0|0|0|0|0|0|0|0|0||||||||
22|3|830|B|1|0|1|750|14|2|0|0|3|ESTRATO_3|1|0|0|0|0|0|0|0|0|0|0|0|0|0|0|0|0|0|0|0|0|0|0|0|0|0||||||||
22|3|831|B|1|0|1|750|14|3|0|0|3|ESTRATO_3|1|0|0|0|0|0|0|0|0|0|0|0|0|0|0|0|0|0|0|0|0|0|0|0|0|0||||||||
22|3|832|B|1|0|1|750|14|3|0|0|3|ESTRATO_3|1|0|0|0|0|0|0|0|0|0|0|0|0|0|0|0|0|0|0|0|0|0|0|0|0|0||||||||
22|3|833|B|1|0|1|750|14|3|0|0|3|ESTRATO_3|1|0|0|0|0|0|0|0|0|0|0|0|0|0|0|0|0|0|0|0|0|0|0|0|0|0||||||||
22|3|834|B|1|0|1|750|14|3|0|0|3|ESTRATO_3|1|0|0|0|0|0|0|0|0|0|0|0|0|0|0|0|0|0|0|0|0|0|0|0|0|0||||||||
22|3|835|B|1|0|1|750|14|2|0|0|3|ESTRATO_3|1|0|0|0|0|0|0|0|0|0|0|0|0|0|0|0|0|0|0|0|0|0|0|0|0|0||||||||
22|3|836|B|1|0|1|750|14|2|0|0|3|ESTRATO_3|1|0|0|0|0|0|0|0|0|0|0|0|0|0|0|0|0|0|0|0|0|0|0|0|0|0||||||||
22|3|837|B|1|0|1|750|14|3|0|0|3|ESTRATO_3|1|0|0|0|0|0|0|0|0|0|0|0|0|0|0|0|0|0|0|0|0|0|0|0|0|0||||||||
22|3|838|B|1|0|1|750|14|2|0|0|3|ESTRATO_3|1|0|0|0|0|0|0|0|0|0|0|0|0|0|0|0|0|0|0|0|0|0|0|0|0|0||||||||
22|3|839|B|1|0|1|750|14|3|0|0|3|ESTRATO_3|1|0|0|0|0|0|0|0|0|0|0|0|0|0|0|0|0|0|0|0|0|0|0|0|0|0||||||||
22|3|840|B|1|0|1|750|14|2|0|0|3|ESTRATO_3|1|0|0|0|0|0|0|0|0|0|0|0|0|0|0|0|0|0|0|0|0|0|0|0|0|0||||||||
22|3|841|B|1|0|1|750|14|2|0|0|3|ESTRATO_3|1|0|0|0|0|0|0|0|0|0|0|0|0|0|0|0|0|0|0|0|0|0|0|0|0|0||||||||
22|3|842|B|1|0|1|750|14|2|0|0|3|ESTRATO_3|1|0|0|0|0|0|0|0|0|0|0|0|0|0|0|0|0|0|0|0|0|0|0|0|0|0||||||||
22|3|843|B|1|0|1|750|14|2|0|0|3|ESTRATO_3|1|0|0|0|0|0|0|0|0|0|0|0|0|0|0|0|0|0|0|0|0|0|0|0|0|0||||||||
22|3|844|B|1|0|1|750|14|2|0|0|3|ESTRATO_3|1|0|0|0|0|0|0|0|0|0|0|0|0|0|0|0|0|0|0|0|0|0|0|0|0|0||||||||
22|3|845|B|1|0|1|750|14|2|0|0|3|ESTRATO_3|1|0|0|0|0|0|0|0|0|0|0|0|0|0|0|0|0|0|0|0|0|0|0|0|0|0||||||||
22|3|846|B|1|0|2|750|14|2|0|0|3|ESTRATO_3|1|0|0|0|0|0|0|0|0|0|0|0|0|0|0|0|0|0|0|0|0|0|0|0|0|0||||||||
22|3|847|B|1|0|1|750|14|2|0|0|3|ESTRATO_3|1|0|0|0|0|0|0|0|0|0|0|0|0|0|0|0|0|0|0|0|0|0|0|0|0|0||||||||
22|3|848|B|1|0|1|750|14|2|0|0|3|ESTRATO_3|1|0|0|0|0|0|0|0|0|0|0|0|0|0|0|0|0|0|0|0|0|0|0|0|0|0||||||||
22|3|849|B|1|0|1|750|14|2|0|0|3|ESTRATO_3|1|0|0|0|0|0|0|0|0|0|0|0|0|0|0|0|0|0|0|0|0|0|0|0|0|0||||||||
22|3|850|B|1|0|1|750|14|2|0|0|3|ESTRATO_3|1|0|0|0|0|0|0|0|0|0|0|0|0|0|0|0|0|0|0|0|0|0|0|0|0|0||||||||
22|3|851|B|1|0|1|750|14|2|0|0|3|ESTRATO_3|1|0|0|0|0|0|0|0|0|0|0|0|0|0|0|0|0|0|0|0|0|0|0|0|0|0||||||||
22|3|852|B|1|0|1|750|14|2|0|0|3|ESTRATO_3|1|0|0|0|0|0|0|0|0|0|0|0|0|0|0|0|0|0|0|0|0|0|0|0|0|0||||||||
22|3|853|B|1|0|1|750|14|2|0|0|3|ESTRATO_3|1|0|0|0|0|0|0|0|0|0|0|0|0|0|0|0|0|0|0|0|0|0|0|0|0|0||||||||
22|3|854|B|1|0|1|750|14|2|0|0|3|ESTRATO_3|1|0|0|0|0|0|0|0|0|0|0|0|0|0|0|0|0|0|0|0|0|0|0|0|0|0||||||||
22|3|855|B|1|0|1|750|14|2|0|0|3|ESTRATO_3|1|0|0|0|0|0|0|0|0|0|0|0|0|0|0|0|0|0|0|0|0|0|0|0|0|0||||||||
22|3|856|B|1|0|1|750|14|3|0|0|3|ESTRATO_3|1|0|0|0|0|0|0|0|0|0|0|0|0|0|0|0|0|0|0|0|0|0|0|0|0|0||||||||
22|3|857|B|1|0|1|750|14|3|0|0|3|ESTRATO_3|1|0|0|0|0|0|0|0|0|0|0|0|0|0|0|0|0|0|0|0|0|0|0|0|0|0||||||||
22|3|858|B|1|0|1|750|14|3|0|0|3|ESTRATO_3|1|0|0|0|0|0|0|0|0|0|0|0|0|0|0|0|0|0|0|0|0|0|0|0|0|0||||||||
22|3|859|B|1|0|1|750|14|3|0|0|3|ESTRATO_3|1|0|0|0|0|0|0|0|0|0|0|0|0|0|0|0|0|0|0|0|0|0|0|0|0|0||||||||
22|3|860|B|1|0|1|750|14|3|0|0|3|ESTRATO_3|1|0|0|0|0|0|0|0|0|0|0|0|0|0|0|0|0|0|0|0|0|0|0|0|0|0||||||||
22|3|861|B|1|0|1|750|14|3|0|0|3|ESTRATO_3|1|0|0|0|0|0|0|0|0|0|0|0|0|0|0|0|0|0|0|0|0|0|0|0|0|0||||||||
22|3|862|B|1|0|1|750|14|3|0|0|3|ESTRATO_3|1|0|0|0|0|0|0|0|0|0|0|0|0|0|0|0|0|0|0|0|0|0|0|0|0|0||||||||
22|3|863|B|1|0|1|750|14|3|0|0|3|ESTRATO_3|1|0|0|0|0|0|0|0|0|0|0|0|0|0|0|0|0|0|0|0|0|0|0|0|0|0||||||||
22|3|864|B|1|0|1|750|14|3|0|0|3|ESTRATO_3|1|0|0|0|0|0|0|0|0|0|0|0|0|0|0|0|0|0|0|0|0|0|0|0|0|0||||||||
22|3|865|B|1|0|1|750|14|3|0|0|3|ESTRATO_3|1|0|0|0|0|0|0|0|0|0|0|0|0|0|0|0|0|0|0|0|0|0|0|0|0|0||||||||
22|3|866|B|1|0|1|750|14|3|0|0|3|ESTRATO_3|1|0|0|0|0|0|0|0|0|0|0|0|0|0|0|0|0|0|0|0|0|0|0|0|0|0||||||||
22|3|879|B|1|0|1|750|14|13|0|0|3|ESTRATO_3|1|0|0|0|0|0|0|0|0|0|0|0|0|0|0|0|0|0|0|0|0|0|0|0|0|0||||||||
22|3|880|B|1|0|1|750|14|13|0|0|3|ESTRATO_3|1|0|0|0|0|0|0|0|0|0|0|0|0|0|0|0|0|0|0|0|0|0|0|0|0|0||||||||
22|3|881|B|1|0|1|750|14|13|0|0|3|ESTRATO_3|1|0|0|0|0|0|0|0|0|0|0|0|0|0|0|0|0|0|0|0|0|0|0|0|0|0||||||||
22|3|882|B|1|0|2|750|14|13|0|0|3|ESTRATO_3|1|0|0|0|0|0|0|0|0|0|0|0|0|0|0|0|0|0|0|0|0|0|0|0|0|0||||||||
22|3|883|B|1|0|1|750|14|13|0|0|3|ESTRATO_3|1|0|0|0|0|0|0|0|0|0|0|0|0|0|0|0|0|0|0|0|0|0|0|0|0|0||||||||
22|3|884|B|1|0|1|750|14|13|0|0|3|ESTRATO_3|1|0|0|0|0|0|0|0|0|0|0|0|0|0|0|0|0|0|0|0|0|0|0|0|0|0||||||||
22|3|885|B|1|0|1|750|14|13|0|0|3|ESTRATO_3|1|0|0|0|0|0|0|0|0|0|0|0|0|0|0|0|0|0|0|0|0|0|0|0|0|0||||||||
22|3|886|B|1|0|1|750|14|13|0|0|3|ESTRATO_3|1|0|0|0|0|0|0|0|0|0|0|0|0|0|0|0|0|0|0|0|0|0|0|0|0|0||||||||
22|3|887|B|1|0|1|750|14|13|0|0|3|ESTRATO_3|1|0|0|0|0|0|0|0|0|0|0|0|0|0|0|0|0|0|0|0|0|0|0|0|0|0||||||||
22|3|888|B|1|0|1|750|14|13|0|0|3|ESTRATO_3|1|0|0|0|0|0|0|0|0|0|0|0|0|0|0|0|0|0|0|0|0|0|0|0|0|0||||||||
22|3|889|B|1|0|1|750|14|13|0|0|3|ESTRATO_3|1|0|0|0|0|0|0|0|0|0|0|0|0|0|0|0|0|0|0|0|0|0|0|0|0|0||||||||
22|3|890|B|1|0|1|750|14|13|0|0|3|ESTRATO_3|1|0|0|0|0|0|0|0|0|0|0|0|0|0|0|0|0|0|0|0|0|0|0|0|0|0||||||||
22|3|891|B|1|0|1|750|14|13|0|0|3|ESTRATO_3|1|0|0|0|0|0|0|0|0|0|0|0|0|0|0|0|0|0|0|0|0|0|0|0|0|0||||||||
22|3|902|B|1|0|3|750|14|13|0|0|3|ESTRATO_3|1|0|0|0|0|0|0|0|0|0|0|0|0|0|0|0|0|0|0|0|0|0|0|0|0|0||||||||
22|3|903|B|1|0|3|750|14|13|0|0|3|ESTRATO_3|1|0|0|0|0|0|0|0|0|0|0|0|0|0|0|0|0|0|0|0|0|0|0|0|0|0||||||||
22|4|275|B|1|0|1|750|14|4|0|0|4|ESTRATO_4|1|0|0|0|0|0|0|0|0|0|0|0|0|0|0|0|0|0|0|0|0|0|0|0|0|0||||||||
22|4|277|B|1|0|1|750|14|1|0|0|4|ESTRATO_4|1|0|0|0|0|0|0|0|0|0|0|0|0|0|0|0|0|0|0|0|0|0|0|0|0|0||||||||
22|4|285|B|1|0|1|750|14|4|0|0|4|ESTRATO_4|1|0|0|0|0|0|0|0|0|0|0|0|0|0|0|0|0|0|0|0|0|0|0|0|0|0||||||||
22|4|286|B|1|0|1|750|14|4|0|0|4|ESTRATO_4|1|0|0|0|0|0|0|0|0|0|0|0|0|0|0|0|0|0|0|0|0|0|0|0|0|0||||||||
22|4|287|B|1|0|1|750|14|1|0|0|4|ESTRATO_4|1|0|0|0|0|0|0|0|0|0|0|0|0|0|0|0|0|0|0|0|0|0|0|0|0|0||||||||
22|4|288|B|1|0|1|750|14|1|0|0|4|ESTRATO_4|1|0|0|0|0|0|0|0|0|0|0|0|0|0|0|0|0|0|0|0|0|0|0|0|0|0||||||||
22|4|295|B|1|0|1|750|14|4|0|0|4|ESTRATO_4|1|0|0|0|0|0|0|0|0|0|0|0|0|0|0|0|0|0|0|0|0|0|0|0|0|0||||||||
22|4|296|B|1|0|1|750|14|1|0|0|4|ESTRATO_4|1|0|0|0|0|0|0|0|0|0|0|0|0|0|0|0|0|0|0|0|0|0|0|0|0|0||||||||
22|4|303|B|1|0|1|750|14|1|0|0|4|ESTRATO_4|1|0|0|0|0|0|0|0|0|0|0|0|0|0|0|0|0|0|0|0|0|0|0|0|0|0||||||||
22|4|304|B|1|0|1|750|14|4|0|0|4|ESTRATO_4|1|0|0|0|0|0|0|0|0|0|0|0|0|0|0|0|0|0|0|0|0|0|0|0|0|0||||||||
22|4|305|B|1|0|1|750|14|1|0|0|4|ESTRATO_4|1|0|0|0|0|0|0|0|0|0|0|0|0|0|0|0|0|0|0|0|0|0|0|0|0|0||||||||
22|4|313|B|1|0|1|750|14|4|0|0|4|ESTRATO_4|1|0|0|0|0|0|0|0|0|0|0|0|0|0|0|0|0|0|0|0|0|0|0|0|0|0||||||||
22|4|318|B|1|0|1|750|14|1|0|0|4|ESTRATO_4|1|0|0|0|0|0|0|0|0|0|0|0|0|0|0|0|0|0|0|0|0|0|0|0|0|0||||||||
22|4|319|B|1|0|1|750|14|1|0|0|4|ESTRATO_4|1|0|0|0|0|0|0|0|0|0|0|0|0|0|0|0|0|0|0|0|0|0|0|0|0|0||||||||
22|4|320|B|1|0|1|750|14|1|0|0|4|ESTRATO_4|1|0|0|0|0|0|0|0|0|0|0|0|0|0|0|0|0|0|0|0|0|0|0|0|0|0||||||||
22|4|326|B|1|0|1|750|14|1|0|0|4|ESTRATO_4|1|0|0|0|0|0|0|0|0|0|0|0|0|0|0|0|0|0|0|0|0|0|0|0|0|0||||||||
22|4|327|B|1|0|1|750|14|1|0|0|4|ESTRATO_4|1|0|0|0|0|0|0|0|0|0|0|0|0|0|0|0|0|0|0|0|0|0|0|0|0|0||||||||
22|4|328|B|1|0|1|750|14|1|0|0|4|ESTRATO_4|1|0|0|0|0|0|0|0|0|0|0|0|0|0|0|0|0|0|0|0|0|0|0|0|0|0||||||||
22|4|332|B|1|0|1|750|14|1|0|0|4|ESTRATO_4|1|0|0|0|0|0|0|0|0|0|0|0|0|0|0|0|0|0|0|0|0|0|0|0|0|0||||||||
22|4|333|B|1|0|1|750|14|4|0|0|4|ESTRATO_4|1|0|0|0|0|0|0|0|0|0|0|0|0|0|0|0|0|0|0|0|0|0|0|0|0|0||||||||
22|4|334|B|1|0|1|750|14|4|0|0|4|ESTRATO_4|1|0|0|0|0|0|0|0|0|0|0|0|0|0|0|0|0|0|0|0|0|0|0|0|0|0||||||||
22|4|335|B|1|0|1|750|14|4|0|0|4|ESTRATO_4|1|0|0|0|0|0|0|0|0|0|0|0|0|0|0|0|0|0|0|0|0|0|0|0|0|0||||||||
22|4|336|B|1|0|1|750|14|4|0|0|4|ESTRATO_4|1|0|0|0|0|0|0|0|0|0|0|0|0|0|0|0|0|0|0|0|0|0|0|0|0|0||||||||
22|4|337|B|1|0|1|750|14|4|0|0|4|ESTRATO_4|1|0|0|0|0|0|0|0|0|0|0|0|0|0|0|0|0|0|0|0|0|0|0|0|0|0||||||||
22|4|338|B|1|0|1|750|14|1|0|0|4|ESTRATO_4|1|0|0|0|0|0|0|0|0|0|0|0|0|0|0|0|0|0|0|0|0|0|0|0|0|0||||||||
22|4|347|B|1|0|1|750|14|1|0|0|4|ESTRATO_4|1|0|0|0|0|0|0|0|0|0|0|0|0|0|0|0|0|0|0|0|0|0|0|0|0|0||||||||
22|4|348|B|1|0|1|750|14|1|0|0|4|ESTRATO_4|1|0|0|0|0|0|0|0|0|0|0|0|0|0|0|0|0|0|0|0|0|0|0|0|0|0||||||||
22|4|349|B|1|0|1|750|14|1|0|0|4|ESTRATO_4|1|0|0|0|0|0|0|0|0|0|0|0|0|0|0|0|0|0|0|0|0|0|0|0|0|0||||||||
22|4|350|B|1|0|1|750|14|1|0|0|4|ESTRATO_4|1|0|0|0|0|0|0|0|0|0|0|0|0|0|0|0|0|0|0|0|0|0|0|0|0|0||||||||
22|4|351|B|1|0|1|750|14|4|0|0|4|ESTRATO_4|1|0|0|0|0|0|0|0|0|0|0|0|0|0|0|0|0|0|0|0|0|0|0|0|0|0||||||||
22|4|352|B|1|0|1|750|14|4|0|0|4|ESTRATO_4|1|0|0|0|0|0|0|0|0|0|0|0|0|0|0|0|0|0|0|0|0|0|0|0|0|0||||||||
22|4|353|B|1|0|1|750|14|4|0|0|4|ESTRATO_4|1|0|0|0|0|0|0|0|0|0|0|0|0|0|0|0|0|0|0|0|0|0|0|0|0|0||||||||
22|4|354|B|1|0|1|750|14|1|0|0|4|ESTRATO_4|1|0|0|0|0|0|0|0|0|0|0|0|0|0|0|0|0|0|0|0|0|0|0|0|0|0||||||||
22|4|361|B|1|0|1|750|14|1|0|0|4|ESTRATO_4|1|0|0|0|0|0|0|0|0|0|0|0|0|0|0|0|0|0|0|0|0|0|0|0|0|0||||||||
22|4|362|B|1|0|1|750|14|1|0|0|4|ESTRATO_4|1|0|0|0|0|0|0|0|0|0|0|0|0|0|0|0|0|0|0|0|0|0|0|0|0|0||||||||
22|4|363|B|1|0|1|750|14|1|0|0|4|ESTRATO_4|1|0|0|0|0|0|0|0|0|0|0|0|0|0|0|0|0|0|0|0|0|0|0|0|0|0||||||||
22|4|364|B|1|0|1|750|14|4|0|0|4|ESTRATO_4|1|0|0|0|0|0|0|0|0|0|0|0|0|0|0|0|0|0|0|0|0|0|0|0|0|0||||||||
22|4|365|B|1|0|1|750|14|1|0|0|4|ESTRATO_4|1|0|0|0|0|0|0|0|0|0|0|0|0|0|0|0|0|0|0|0|0|0|0|0|0|0||||||||
22|4|366|B|1|0|1|750|14|1|0|0|4|ESTRATO_4|1|0|0|0|0|0|0|0|0|0|0|0|0|0|0|0|0|0|0|0|0|0|0|0|0|0||||||||
22|4|367|B|1|0|1|750|14|1|0|0|4|ESTRATO_4|1|0|0|0|0|0|0|0|0|0|0|0|0|0|0|0|0|0|0|0|0|0|0|0|0|0||||||||
22|4|368|B|1|0|1|750|14|1|0|0|4|ESTRATO_4|1|0|0|0|0|0|0|0|0|0|0|0|0|0|0|0|0|0|0|0|0|0|0|0|0|0||||||||
22|4|369|B|1|0|1|750|14|1|0|0|4|ESTRATO_4|1|0|0|0|0|0|0|0|0|0|0|0|0|0|0|0|0|0|0|0|0|0|0|0|0|0||||||||
22|4|370|B|1|0|1|750|14|1|0|0|4|ESTRATO_4|1|0|0|0|0|0|0|0|0|0|0|0|0|0|0|0|0|0|0|0|0|0|0|0|0|0||||||||
22|4|371|B|1|0|1|750|14|1|0|0|4|ESTRATO_4|1|0|0|0|0|0|0|0|0|0|0|0|0|0|0|0|0|0|0|0|0|0|0|0|0|0||||||||
22|4|372|B|1|0|1|750|14|4|0|0|4|ESTRATO_4|1|0|0|0|0|0|0|0|0|0|0|0|0|0|0|0|0|0|0|0|0|0|0|0|0|0||||||||
22|4|373|B|1|0|1|750|14|4|0|0|4|ESTRATO_4|1|0|0|0|0|0|0|0|0|0|0|0|0|0|0|0|0|0|0|0|0|0|0|0|0|0||||||||
22|4|374|B|1|0|1|750|14|4|0|0|4|ESTRATO_4|1|0|0|0|0|0|0|0|0|0|0|0|0|0|0|0|0|0|0|0|0|0|0|0|0|0||||||||
22|4|375|B|1|0|1|750|14|4|0|0|4|ESTRATO_4|1|0|0|0|0|0|0|0|0|0|0|0|0|0|0|0|0|0|0|0|0|0|0|0|0|0||||||||
22|4|376|B|1|0|1|750|14|4|0|0|4|ESTRATO_4|1|0|0|0|0|0|0|0|0|0|0|0|0|0|0|0|0|0|0|0|0|0|0|0|0|0||||||||
22|4|377|B|1|0|1|750|14|4|0|0|4|ESTRATO_4|1|0|0|0|0|0|0|0|0|0|0|0|0|0|0|0|0|0|0|0|0|0|0|0|0|0||||||||
22|4|378|B|1|0|1|750|14|1|0|0|4|ESTRATO_4|1|0|0|0|0|0|0|0|0|0|0|0|0|0|0|0|0|0|0|0|0|0|0|0|0|0||||||||
22|4|379|B|1|0|1|750|14|1|0|0|4|ESTRATO_4|1|0|0|0|0|0|0|0|0|0|0|0|0|0|0|0|0|0|0|0|0|0|0|0|0|0||||||||
22|4|380|B|1|0|1|750|14|1|0|0|4|ESTRATO_4|1|0|0|0|0|0|0|0|0|0|0|0|0|0|0|0|0|0|0|0|0|0|0|0|0|0||||||||
22|4|382|B|1|0|1|750|14|1|0|0|4|ESTRATO_4|1|0|0|0|0|0|0|0|0|0|0|0|0|0|0|0|0|0|0|0|0|0|0|0|0|0||||||||
22|4|383|B|1|0|1|750|14|1|0|0|4|ESTRATO_4|1|0|0|0|0|0|0|0|0|0|0|0|0|0|0|0|0|0|0|0|0|0|0|0|0|0||||||||
22|4|384|B|1|0|1|750|14|1|0|0|4|ESTRATO_4|1|0|0|0|0|0|0|0|0|0|0|0|0|0|0|0|0|0|0|0|0|0|0|0|0|0||||||||
22|4|385|B|1|0|1|750|14|4|0|0|4|ESTRATO_4|1|0|0|0|0|0|0|0|0|0|0|0|0|0|0|0|0|0|0|0|0|0|0|0|0|0||||||||
22|4|386|B|1|0|1|750|14|5|0|0|4|ESTRATO_4|1|0|0|0|0|0|0|0|0|0|0|0|0|0|0|0|0|0|0|0|0|0|0|0|0|0||||||||
22|4|387|B|1|0|1|750|14|4|0|0|4|ESTRATO_4|1|0|0|0|0|0|0|0|0|0|0|0|0|0|0|0|0|0|0|0|0|0|0|0|0|0||||||||
22|4|388|B|1|0|1|750|14|4|0|0|4|ESTRATO_4|1|0|0|0|0|0|0|0|0|0|0|0|0|0|0|0|0|0|0|0|0|0|0|0|0|0||||||||
22|4|389|B|1|0|1|750|14|4|0|0|4|ESTRATO_4|1|0|0|0|0|0|0|0|0|0|0|0|0|0|0|0|0|0|0|0|0|0|0|0|0|0||||||||
22|4|390|B|1|0|1|750|14|4|0|0|4|ESTRATO_4|1|0|0|0|0|0|0|0|0|0|0|0|0|0|0|0|0|0|0|0|0|0|0|0|0|0||||||||
22|4|391|B|1|0|1|750|14|1|0|0|4|ESTRATO_4|1|0|0|0|0|0|0|0|0|0|0|0|0|0|0|0|0|0|0|0|0|0|0|0|0|0||||||||
22|4|392|B|1|0|1|750|14|1|0|0|4|ESTRATO_4|1|0|0|0|0|0|0|0|0|0|0|0|0|0|0|0|0|0|0|0|0|0|0|0|0|0||||||||
22|4|393|B|1|0|1|750|14|1|0|0|4|ESTRATO_4|1|0|0|0|0|0|0|0|0|0|0|0|0|0|0|0|0|0|0|0|0|0|0|0|0|0||||||||
22|4|394|B|1|0|1|750|14|1|0|0|4|ESTRATO_4|1|0|0|0|0|0|0|0|0|0|0|0|0|0|0|0|0|0|0|0|0|0|0|0|0|0||||||||
22|4|398|B|1|0|1|750|14|1|0|0|4|ESTRATO_4|1|0|0|0|0|0|0|0|0|0|0|0|0|0|0|0|0|0|0|0|0|0|0|0|0|0||||||||
22|4|399|B|1|0|1|750|14|4|0|0|4|ESTRATO_4|1|0|0|0|0|0|0|0|0|0|0|0|0|0|0|0|0|0|0|0|0|0|0|0|0|0||||||||
22|4|400|B|1|0|1|750|14|4|0|0|4|ESTRATO_4|1|0|0|0|0|0|0|0|0|0|0|0|0|0|0|0|0|0|0|0|0|0|0|0|0|0||||||||
22|4|401|B|1|0|1|750|14|4|0|0|4|ESTRATO_4|1|0|0|0|0|0|0|0|0|0|0|0|0|0|0|0|0|0|0|0|0|0|0|0|0|0||||||||
22|4|402|B|1|0|1|750|14|4|0|0|4|ESTRATO_4|1|0|0|0|0|0|0|0|0|0|0|0|0|0|0|0|0|0|0|0|0|0|0|0|0|0||||||||
22|4|403|B|1|0|1|750|14|4|0|0|4|ESTRATO_4|1|0|0|0|0|0|0|0|0|0|0|0|0|0|0|0|0|0|0|0|0|0|0|0|0|0||||||||
22|4|404|B|1|0|1|750|14|5|0|0|4|ESTRATO_4|1|0|0|0|0|0|0|0|0|0|0|0|0|0|0|0|0|0|0|0|0|0|0|0|0|0||||||||
22|4|405|B|1|0|1|750|14|5|0|0|4|ESTRATO_4|1|0|0|0|0|0|0|0|0|0|0|0|0|0|0|0|0|0|0|0|0|0|0|0|0|0||||||||
22|4|406|B|1|0|1|750|14|5|0|0|4|ESTRATO_4|1|0|0|0|0|0|0|0|0|0|0|0|0|0|0|0|0|0|0|0|0|0|0|0|0|0||||||||
22|4|407|B|1|0|1|750|14|4|0|0|4|ESTRATO_4|1|0|0|0|0|0|0|0|0|0|0|0|0|0|0|0|0|0|0|0|0|0|0|0|0|0||||||||
22|4|408|B|1|0|1|750|14|5|0|0|4|ESTRATO_4|1|0|0|0|0|0|0|0|0|0|0|0|0|0|0|0|0|0|0|0|0|0|0|0|0|0||||||||
22|4|409|B|1|0|1|750|14|5|0|0|4|ESTRATO_4|1|0|0|0|0|0|0|0|0|0|0|0|0|0|0|0|0|0|0|0|0|0|0|0|0|0||||||||
22|4|410|B|1|0|1|750|14|4|0|0|4|ESTRATO_4|1|0|0|0|0|0|0|0|0|0|0|0|0|0|0|0|0|0|0|0|0|0|0|0|0|0||||||||
22|4|411|B|1|0|1|750|14|1|0|0|4|ESTRATO_4|1|0|0|0|0|0|0|0|0|0|0|0|0|0|0|0|0|0|0|0|0|0|0|0|0|0||||||||
22|4|412|B|1|0|1|750|14|1|0|0|4|ESTRATO_4|1|0|0|0|0|0|0|0|0|0|0|0|0|0|0|0|0|0|0|0|0|0|0|0|0|0||||||||
22|4|413|B|1|0|1|750|14|1|0|0|4|ESTRATO_4|1|0|0|0|0|0|0|0|0|0|0|0|0|0|0|0|0|0|0|0|0|0|0|0|0|0||||||||
22|4|414|B|1|0|1|750|14|1|0|0|4|ESTRATO_4|1|0|0|0|0|0|0|0|0|0|0|0|0|0|0|0|0|0|0|0|0|0|0|0|0|0||||||||
22|4|415|B|1|0|1|750|14|1|0|0|4|ESTRATO_4|1|0|0|0|0|0|0|0|0|0|0|0|0|0|0|0|0|0|0|0|0|0|0|0|0|0||||||||
22|4|417|B|1|0|1|750|14|1|0|0|4|ESTRATO_4|1|0|0|0|0|0|0|0|0|0|0|0|0|0|0|0|0|0|0|0|0|0|0|0|0|0||||||||
22|4|418|B|1|0|1|750|14|1|0|0|4|ESTRATO_4|1|0|0|0|0|0|0|0|0|0|0|0|0|0|0|0|0|0|0|0|0|0|0|0|0|0||||||||
22|4|419|B|1|0|1|750|14|1|0|0|4|ESTRATO_4|1|0|0|0|0|0|0|0|0|0|0|0|0|0|0|0|0|0|0|0|0|0|0|0|0|0||||||||
22|4|420|B|1|0|1|750|14|5|0|0|4|ESTRATO_4|1|0|0|0|0|0|0|0|0|0|0|0|0|0|0|0|0|0|0|0|0|0|0|0|0|0||||||||
22|4|421|B|1|0|1|750|14|5|0|0|4|ESTRATO_4|1|0|0|0|0|0|0|0|0|0|0|0|0|0|0|0|0|0|0|0|0|0|0|0|0|0||||||||
22|4|422|B|1|0|1|750|14|5|0|0|4|ESTRATO_4|1|0|0|0|0|0|0|0|0|0|0|0|0|0|0|0|0|0|0|0|0|0|0|0|0|0||||||||
22|4|423|B|1|0|1|750|14|5|0|0|4|ESTRATO_4|1|0|0|0|0|0|0|0|0|0|0|0|0|0|0|0|0|0|0|0|0|0|0|0|0|0||||||||
22|4|424|B|1|0|1|750|14|5|0|0|4|ESTRATO_4|1|0|0|0|0|0|0|0|0|0|0|0|0|0|0|0|0|0|0|0|0|0|0|0|0|0||||||||
22|4|425|B|1|0|1|750|14|5|0|0|4|ESTRATO_4|1|0|0|0|0|0|0|0|0|0|0|0|0|0|0|0|0|0|0|0|0|0|0|0|0|0||||||||
22|4|426|B|1|0|1|750|14|1|0|0|4|ESTRATO_4|1|0|0|0|0|0|0|0|0|0|0|0|0|0|0|0|0|0|0|0|0|0|0|0|0|0||||||||
22|4|427|B|1|0|1|750|14|6|0|0|4|ESTRATO_4|1|0|0|0|0|0|0|0|0|0|0|0|0|0|0|0|0|0|0|0|0|0|0|0|0|0||||||||
22|4|428|B|1|0|1|750|14|6|0|0|4|ESTRATO_4|1|0|0|0|0|0|0|0|0|0|0|0|0|0|0|0|0|0|0|0|0|0|0|0|0|0||||||||
22|4|429|B|1|0|1|750|14|1|0|0|4|ESTRATO_4|1|0|0|0|0|0|0|0|0|0|0|0|0|0|0|0|0|0|0|0|0|0|0|0|0|0||||||||
22|4|430|B|1|0|1|750|14|1|0|0|4|ESTRATO_4|1|0|0|0|0|0|0|0|0|0|0|0|0|0|0|0|0|0|0|0|0|0|0|0|0|0||||||||
22|4|431|B|1|0|1|750|14|5|0|0|4|ESTRATO_4|1|0|0|0|0|0|0|0|0|0|0|0|0|0|0|0|0|0|0|0|0|0|0|0|0|0||||||||
22|4|432|B|1|0|1|750|14|5|0|0|4|ESTRATO_4|1|0|0|0|0|0|0|0|0|0|0|0|0|0|0|0|0|0|0|0|0|0|0|0|0|0||||||||
22|4|433|B|1|0|1|750|14|5|0|0|4|ESTRATO_4|1|0|0|0|0|0|0|0|0|0|0|0|0|0|0|0|0|0|0|0|0|0|0|0|0|0||||||||
22|4|434|B|1|0|1|750|14|5|0|0|4|ESTRATO_4|1|0|0|0|0|0|0|0|0|0|0|0|0|0|0|0|0|0|0|0|0|0|0|0|0|0||||||||
22|4|435|B|1|0|1|750|14|6|0|0|4|ESTRATO_4|1|0|0|0|0|0|0|0|0|0|0|0|0|0|0|0|0|0|0|0|0|0|0|0|0|0||||||||
22|4|436|B|1|0|1|750|14|6|0|0|4|ESTRATO_4|1|0|0|0|0|0|0|0|0|0|0|0|0|0|0|0|0|0|0|0|0|0|0|0|0|0||||||||
22|4|437|B|1|0|1|750|14|6|0|0|4|ESTRATO_4|1|0|0|0|0|0|0|0|0|0|0|0|0|0|0|0|0|0|0|0|0|0|0|0|0|0||||||||
22|4|438|B|1|0|1|750|14|5|0|0|4|ESTRATO_4|1|0|0|0|0|0|0|0|0|0|0|0|0|0|0|0|0|0|0|0|0|0|0|0|0|0||||||||
22|4|439|B|1|0|1|750|14|5|0|0|4|ESTRATO_4|1|0|0|0|0|0|0|0|0|0|0|0|0|0|0|0|0|0|0|0|0|0|0|0|0|0||||||||
22|4|440|B|1|0|1|750|14|5|0|0|4|ESTRATO_4|1|0|0|0|0|0|0|0|0|0|0|0|0|0|0|0|0|0|0|0|0|0|0|0|0|0||||||||
22|4|441|B|1|0|1|750|14|5|0|0|4|ESTRATO_4|1|0|0|0|0|0|0|0|0|0|0|0|0|0|0|0|0|0|0|0|0|0|0|0|0|0||||||||
22|4|442|B|1|0|1|750|14|5|0|0|4|ESTRATO_4|1|0|0|0|0|0|0|0|0|0|0|0|0|0|0|0|0|0|0|0|0|0|0|0|0|0||||||||
22|4|443|B|1|0|1|750|14|5|0|0|4|ESTRATO_4|1|0|0|0|0|0|0|0|0|0|0|0|0|0|0|0|0|0|0|0|0|0|0|0|0|0||||||||
22|4|444|B|1|0|1|750|14|5|0|0|4|ESTRATO_4|1|0|0|0|0|0|0|0|0|0|0|0|0|0|0|0|0|0|0|0|0|0|0|0|0|0||||||||
22|4|445|B|1|0|1|750|14|5|0|0|4|ESTRATO_4|1|0|0|0|0|0|0|0|0|0|0|0|0|0|0|0|0|0|0|0|0|0|0|0|0|0||||||||
22|4|446|B|1|0|1|750|14|5|0|0|4|ESTRATO_4|1|0|0|0|0|0|0|0|0|0|0|0|0|0|0|0|0|0|0|0|0|0|0|0|0|0||||||||
22|4|447|B|1|0|1|750|14|6|0|0|4|ESTRATO_4|1|0|0|0|0|0|0|0|0|0|0|0|0|0|0|0|0|0|0|0|0|0|0|0|0|0||||||||
22|4|448|B|1|0|1|750|14|6|0|0|4|ESTRATO_4|1|0|0|0|0|0|0|0|0|0|0|0|0|0|0|0|0|0|0|0|0|0|0|0|0|0||||||||
22|4|449|B|1|0|1|750|14|6|0|0|4|ESTRATO_4|1|0|0|0|0|0|0|0|0|0|0|0|0|0|0|0|0|0|0|0|0|0|0|0|0|0||||||||
22|4|450|B|1|0|1|750|14|6|0|0|4|ESTRATO_4|1|0|0|0|0|0|0|0|0|0|0|0|0|0|0|0|0|0|0|0|0|0|0|0|0|0||||||||
22|4|451|B|1|0|1|750|14|6|0|0|4|ESTRATO_4|1|0|0|0|0|0|0|0|0|0|0|0|0|0|0|0|0|0|0|0|0|0|0|0|0|0||||||||
22|4|452|B|1|0|1|750|14|6|0|0|4|ESTRATO_4|1|0|0|0|0|0|0|0|0|0|0|0|0|0|0|0|0|0|0|0|0|0|0|0|0|0||||||||
22|4|453|B|1|0|1|750|14|5|0|0|4|ESTRATO_4|1|0|0|0|0|0|0|0|0|0|0|0|0|0|0|0|0|0|0|0|0|0|0|0|0|0||||||||
22|4|454|B|1|0|1|750|14|5|0|0|4|ESTRATO_4|1|0|0|0|0|0|0|0|0|0|0|0|0|0|0|0|0|0|0|0|0|0|0|0|0|0||||||||
22|4|455|B|1|0|1|750|14|5|0|0|4|ESTRATO_4|1|0|0|0|0|0|0|0|0|0|0|0|0|0|0|0|0|0|0|0|0|0|0|0|0|0||||||||
22|4|456|B|1|0|1|750|14|5|0|0|4|ESTRATO_4|1|0|0|0|0|0|0|0|0|0|0|0|0|0|0|0|0|0|0|0|0|0|0|0|0|0||||||||
22|4|457|B|1|0|1|750|14|5|0|0|4|ESTRATO_4|1|0|0|0|0|0|0|0|0|0|0|0|0|0|0|0|0|0|0|0|0|0|0|0|0|0||||||||
22|4|458|B|1|0|1|750|14|5|0|0|4|ESTRATO_4|1|0|0|0|0|0|0|0|0|0|0|0|0|0|0|0|0|0|0|0|0|0|0|0|0|0||||||||
22|4|459|B|1|0|1|750|14|5|0|0|4|ESTRATO_4|1|0|0|0|0|0|0|0|0|0|0|0|0|0|0|0|0|0|0|0|0|0|0|0|0|0||||||||
22|4|460|B|1|0|1|750|14|6|0|0|4|ESTRATO_4|1|0|0|0|0|0|0|0|0|0|0|0|0|0|0|0|0|0|0|0|0|0|0|0|0|0||||||||
22|4|461|B|1|0|1|750|14|6|0|0|4|ESTRATO_4|1|0|0|0|0|0|0|0|0|0|0|0|0|0|0|0|0|0|0|0|0|0|0|0|0|0||||||||
22|4|462|B|1|0|1|750|14|6|0|0|4|ESTRATO_4|1|0|0|0|0|0|0|0|0|0|0|0|0|0|0|0|0|0|0|0|0|0|0|0|0|0||||||||
22|4|463|B|1|0|1|750|14|5|0|0|4|ESTRATO_4|1|0|0|0|0|0|0|0|0|0|0|0|0|0|0|0|0|0|0|0|0|0|0|0|0|0||||||||
22|4|464|B|1|0|1|750|14|5|0|0|4|ESTRATO_4|1|0|0|0|0|0|0|0|0|0|0|0|0|0|0|0|0|0|0|0|0|0|0|0|0|0||||||||
22|4|465|B|1|0|1|750|14|5|0|0|4|ESTRATO_4|1|0|0|0|0|0|0|0|0|0|0|0|0|0|0|0|0|0|0|0|0|0|0|0|0|0||||||||
22|4|466|B|1|0|1|750|14|5|0|0|4|ESTRATO_4|1|0|0|0|0|0|0|0|0|0|0|0|0|0|0|0|0|0|0|0|0|0|0|0|0|0||||||||
22|4|467|B|1|0|1|750|14|5|0|0|4|ESTRATO_4|1|0|0|0|0|0|0|0|0|0|0|0|0|0|0|0|0|0|0|0|0|0|0|0|0|0||||||||
22|4|468|B|1|0|1|750|14|6|0|0|4|ESTRATO_4|1|0|0|0|0|0|0|0|0|0|0|0|0|0|0|0|0|0|0|0|0|0|0|0|0|0||||||||
22|4|469|B|1|0|1|750|14|6|0|0|4|ESTRATO_4|1|0|0|0|0|0|0|0|0|0|0|0|0|0|0|0|0|0|0|0|0|0|0|0|0|0||||||||
22|4|470|B|1|0|1|750|14|6|0|0|4|ESTRATO_4|1|0|0|0|0|0|0|0|0|0|0|0|0|0|0|0|0|0|0|0|0|0|0|0|0|0||||||||
22|4|471|B|1|0|1|750|14|6|0|0|4|ESTRATO_4|1|0|0|0|0|0|0|0|0|0|0|0|0|0|0|0|0|0|0|0|0|0|0|0|0|0||||||||
22|4|472|B|1|0|1|750|14|5|0|0|4|ESTRATO_4|1|0|0|0|0|0|0|0|0|0|0|0|0|0|0|0|0|0|0|0|0|0|0|0|0|0||||||||
22|4|473|B|1|0|1|750|14|5|0|0|4|ESTRATO_4|1|0|0|0|0|0|0|0|0|0|0|0|0|0|0|0|0|0|0|0|0|0|0|0|0|0||||||||
22|4|474|B|1|0|1|750|14|5|0|0|4|ESTRATO_4|1|0|0|0|0|0|0|0|0|0|0|0|0|0|0|0|0|0|0|0|0|0|0|0|0|0||||||||
22|4|475|B|1|0|1|750|14|5|0|0|4|ESTRATO_4|1|0|0|0|0|0|0|0|0|0|0|0|0|0|0|0|0|0|0|0|0|0|0|0|0|0||||||||
22|4|476|B|1|0|1|750|14|5|0|0|4|ESTRATO_4|1|0|0|0|0|0|0|0|0|0|0|0|0|0|0|0|0|0|0|0|0|0|0|0|0|0||||||||
22|4|477|B|1|0|1|750|14|5|0|0|4|ESTRATO_4|1|0|0|0|0|0|0|0|0|0|0|0|0|0|0|0|0|0|0|0|0|0|0|0|0|0||||||||
22|4|478|B|1|0|1|750|14|5|0|0|4|ESTRATO_4|1|0|0|0|0|0|0|0|0|0|0|0|0|0|0|0|0|0|0|0|0|0|0|0|0|0||||||||
22|4|479|B|1|0|1|750|14|6|0|0|4|ESTRATO_4|1|0|0|0|0|0|0|0|0|0|0|0|0|0|0|0|0|0|0|0|0|0|0|0|0|0||||||||
22|4|480|B|1|0|1|750|14|6|0|0|4|ESTRATO_4|1|0|0|0|0|0|0|0|0|0|0|0|0|0|0|0|0|0|0|0|0|0|0|0|0|0||||||||
22|4|481|B|1|0|1|750|14|6|0|0|4|ESTRATO_4|1|0|0|0|0|0|0|0|0|0|0|0|0|0|0|0|0|0|0|0|0|0|0|0|0|0||||||||
22|4|482|B|1|0|1|750|14|6|0|0|4|ESTRATO_4|1|0|0|0|0|0|0|0|0|0|0|0|0|0|0|0|0|0|0|0|0|0|0|0|0|0||||||||
22|4|483|B|1|0|1|750|14|6|0|0|4|ESTRATO_4|1|0|0|0|0|0|0|0|0|0|0|0|0|0|0|0|0|0|0|0|0|0|0|0|0|0||||||||
22|4|484|B|1|0|1|750|14|6|0|0|4|ESTRATO_4|1|0|0|0|0|0|0|0|0|0|0|0|0|0|0|0|0|0|0|0|0|0|0|0|0|0||||||||
22|4|485|B|1|0|1|750|14|6|0|0|4|ESTRATO_4|1|0|0|0|0|0|0|0|0|0|0|0|0|0|0|0|0|0|0|0|0|0|0|0|0|0||||||||
22|4|486|B|1|0|1|750|14|6|0|0|4|ESTRATO_4|1|0|0|0|0|0|0|0|0|0|0|0|0|0|0|0|0|0|0|0|0|0|0|0|0|0||||||||
22|4|487|B|1|0|1|750|14|6|0|0|4|ESTRATO_4|1|0|0|0|0|0|0|0|0|0|0|0|0|0|0|0|0|0|0|0|0|0|0|0|0|0||||||||
22|4|488|B|1|0|1|750|14|5|0|0|4|ESTRATO_4|1|0|0|0|0|0|0|0|0|0|0|0|0|0|0|0|0|0|0|0|0|0|0|0|0|0||||||||
22|4|489|B|1|0|1|750|14|5|0|0|4|ESTRATO_4|1|0|0|0|0|0|0|0|0|0|0|0|0|0|0|0|0|0|0|0|0|0|0|0|0|0||||||||
22|4|490|B|1|0|1|750|14|5|0|0|4|ESTRATO_4|1|0|0|0|0|0|0|0|0|0|0|0|0|0|0|0|0|0|0|0|0|0|0|0|0|0||||||||
22|4|491|B|1|0|1|750|14|5|0|0|4|ESTRATO_4|1|0|0|0|0|0|0|0|0|0|0|0|0|0|0|0|0|0|0|0|0|0|0|0|0|0||||||||
22|4|492|B|1|0|1|750|14|5|0|0|4|ESTRATO_4|1|0|0|0|0|0|0|0|0|0|0|0|0|0|0|0|0|0|0|0|0|0|0|0|0|0||||||||
22|4|493|B|1|0|1|750|14|5|0|0|4|ESTRATO_4|1|0|0|0|0|0|0|0|0|0|0|0|0|0|0|0|0|0|0|0|0|0|0|0|0|0||||||||
22|4|494|B|1|0|1|750|14|5|0|0|4|ESTRATO_4|1|0|0|0|0|0|0|0|0|0|0|0|0|0|0|0|0|0|0|0|0|0|0|0|0|0||||||||
22|4|495|B|1|0|1|750|14|5|0|0|4|ESTRATO_4|1|0|0|0|0|0|0|0|0|0|0|0|0|0|0|0|0|0|0|0|0|0|0|0|0|0||||||||
22|4|496|B|1|0|1|750|14|5|0|0|4|ESTRATO_4|1|0|0|0|0|0|0|0|0|0|0|0|0|0|0|0|0|0|0|0|0|0|0|0|0|0||||||||
22|4|497|B|1|0|1|750|14|5|0|0|4|ESTRATO_4|1|0|0|0|0|0|0|0|0|0|0|0|0|0|0|0|0|0|0|0|0|0|0|0|0|0||||||||
22|4|498|B|1|0|1|750|14|6|0|0|4|ESTRATO_4|1|0|0|0|0|0|0|0|0|0|0|0|0|0|0|0|0|0|0|0|0|0|0|0|0|0||||||||
22|4|499|B|1|0|1|750|14|6|0|0|4|ESTRATO_4|1|0|0|0|0|0|0|0|0|0|0|0|0|0|0|0|0|0|0|0|0|0|0|0|0|0||||||||
22|4|500|B|1|0|1|750|14|6|0|0|4|ESTRATO_4|1|0|0|0|0|0|0|0|0|0|0|0|0|0|0|0|0|0|0|0|0|0|0|0|0|0||||||||
22|4|501|B|1|0|1|750|14|6|0|0|4|ESTRATO_4|1|0|0|0|0|0|0|0|0|0|0|0|0|0|0|0|0|0|0|0|0|0|0|0|0|0||||||||
22|4|502|B|1|0|1|750|14|6|0|0|4|ESTRATO_4|1|0|0|0|0|0|0|0|0|0|0|0|0|0|0|0|0|0|0|0|0|0|0|0|0|0||||||||
22|4|503|B|1|0|1|750|14|6|0|0|4|ESTRATO_4|1|0|0|0|0|0|0|0|0|0|0|0|0|0|0|0|0|0|0|0|0|0|0|0|0|0||||||||
22|4|504|B|1|0|1|750|14|6|0|0|4|ESTRATO_4|1|0|0|0|0|0|0|0|0|0|0|0|0|0|0|0|0|0|0|0|0|0|0|0|0|0||||||||
22|4|505|B|1|0|1|750|14|5|0|0|4|ESTRATO_4|1|0|0|0|0|0|0|0|0|0|0|0|0|0|0|0|0|0|0|0|0|0|0|0|0|0||||||||
22|4|506|B|1|0|1|750|14|5|0|0|4|ESTRATO_4|1|0|0|0|0|0|0|0|0|0|0|0|0|0|0|0|0|0|0|0|0|0|0|0|0|0||||||||
22|4|507|B|1|0|1|750|14|5|0|0|4|ESTRATO_4|1|0|0|0|0|0|0|0|0|0|0|0|0|0|0|0|0|0|0|0|0|0|0|0|0|0||||||||
22|4|508|B|1|0|1|750|14|5|0|0|4|ESTRATO_4|1|0|0|0|0|0|0|0|0|0|0|0|0|0|0|0|0|0|0|0|0|0|0|0|0|0||||||||
22|4|509|B|1|0|1|750|14|5|0|0|4|ESTRATO_4|1|0|0|0|0|0|0|0|0|0|0|0|0|0|0|0|0|0|0|0|0|0|0|0|0|0||||||||
22|4|510|B|1|0|1|750|14|5|0|0|4|ESTRATO_4|1|0|0|0|0|0|0|0|0|0|0|0|0|0|0|0|0|0|0|0|0|0|0|0|0|0||||||||
22|4|511|B|1|0|1|750|14|6|0|0|4|ESTRATO_4|1|0|0|0|0|0|0|0|0|0|0|0|0|0|0|0|0|0|0|0|0|0|0|0|0|0||||||||
22|4|512|B|1|0|1|750|14|6|0|0|4|ESTRATO_4|1|0|0|0|0|0|0|0|0|0|0|0|0|0|0|0|0|0|0|0|0|0|0|0|0|0||||||||
22|4|513|B|1|0|1|750|14|5|0|0|4|ESTRATO_4|1|0|0|0|0|0|0|0|0|0|0|0|0|0|0|0|0|0|0|0|0|0|0|0|0|0||||||||
22|4|514|B|1|0|1|750|14|5|0|0|4|ESTRATO_4|1|0|0|0|0|0|0|0|0|0|0|0|0|0|0|0|0|0|0|0|0|0|0|0|0|0||||||||
22|4|515|B|1|0|1|750|14|5|0|0|4|ESTRATO_4|1|0|0|0|0|0|0|0|0|0|0|0|0|0|0|0|0|0|0|0|0|0|0|0|0|0||||||||
22|4|550|B|1|0|2|750|14|4|0|0|4|ESTRATO_4|1|0|0|0|0|0|0|0|0|0|0|0|0|0|0|0|0|0|0|0|0|0|0|0|0|0||||||||
22|4|554|B|1|0|3|750|14|5|0|0|4|ESTRATO_4|1|0|0|0|0|0|0|0|0|0|0|0|0|0|0|0|0|0|0|0|0|0|0|0|0|0||||||||
22|4|691|B|1|0|1|750|14|6|0|0|4|ESTRATO_4|1|0|0|0|0|0|0|0|0|0|0|0|0|0|0|0|0|0|0|0|0|0|0|0|0|0||||||||
22|4|692|B|1|0|1|750|14|6|0|0|4|ESTRATO_4|1|0|0|0|0|0|0|0|0|0|0|0|0|0|0|0|0|0|0|0|0|0|0|0|0|0||||||||
22|4|693|B|1|0|1|750|14|5|0|0|4|ESTRATO_4|1|0|0|0|0|0|0|0|0|0|0|0|0|0|0|0|0|0|0|0|0|0|0|0|0|0||||||||
22|4|697|B|1|0|1|750|14|4|0|0|4|ESTRATO_4|1|0|0|0|0|0|0|0|0|0|0|0|0|0|0|0|0|0|0|0|0|0|0|0|0|0||||||||
22|4|698|B|1|0|1|750|14|1|0|0|4|ESTRATO_4|1|0|0|0|0|0|0|0|0|0|0|0|0|0|0|0|0|0|0|0|0|0|0|0|0|0||||||||
22|4|704|B|1|0|1|750|14|4|0|0|4|ESTRATO_4|1|0|0|0|0|0|0|0|0|0|0|0|0|0|0|0|0|0|0|0|0|0|0|0|0|0||||||||
22|4|705|B|1|0|1|750|14|4|0|0|4|ESTRATO_4|1|0|0|0|0|0|0|0|0|0|0|0|0|0|0|0|0|0|0|0|0|0|0|0|0|0||||||||
22|4|706|B|1|0|1|750|14|4|0|0|4|ESTRATO_4|1|0|0|0|0|0|0|0|0|0|0|0|0|0|0|0|0|0|0|0|0|0|0|0|0|0||||||||
22|4|707|B|1|0|1|750|14|4|0|0|4|ESTRATO_4|1|0|0|0|0|0|0|0|0|0|0|0|0|0|0|0|0|0|0|0|0|0|0|0|0|0||||||||
22|4|708|B|1|0|1|750|14|4|0|0|4|ESTRATO_4|1|0|0|0|0|0|0|0|0|0|0|0|0|0|0|0|0|0|0|0|0|0|0|0|0|0||||||||
22|4|709|B|1|0|1|750|14|4|0|0|4|ESTRATO_4|1|0|0|0|0|0|0|0|0|0|0|0|0|0|0|0|0|0|0|0|0|0|0|0|0|0||||||||
22|4|710|B|1|0|1|750|14|4|0|0|4|ESTRATO_4|1|0|0|0|0|0|0|0|0|0|0|0|0|0|0|0|0|0|0|0|0|0|0|0|0|0||||||||
22|4|711|B|1|0|1|750|14|4|0|0|4|ESTRATO_4|1|0|0|0|0|0|0|0|0|0|0|0|0|0|0|0|0|0|0|0|0|0|0|0|0|0||||||||
22|4|712|B|1|0|1|750|14|4|0|0|4|ESTRATO_4|1|0|0|0|0|0|0|0|0|0|0|0|0|0|0|0|0|0|0|0|0|0|0|0|0|0||||||||
22|4|713|B|1|0|1|750|14|4|0|0|4|ESTRATO_4|1|0|0|0|0|0|0|0|0|0|0|0|0|0|0|0|0|0|0|0|0|0|0|0|0|0||||||||
22|4|714|B|1|0|1|750|14|4|0|0|4|ESTRATO_4|1|0|0|0|0|0|0|0|0|0|0|0|0|0|0|0|0|0|0|0|0|0|0|0|0|0||||||||
22|4|715|B|1|0|1|750|14|4|0|0|4|ESTRATO_4|1|0|0|0|0|0|0|0|0|0|0|0|0|0|0|0|0|0|0|0|0|0|0|0|0|0||||||||
22|4|716|B|1|0|1|750|14|4|0|0|4|ESTRATO_4|1|0|0|0|0|0|0|0|0|0|0|0|0|0|0|0|0|0|0|0|0|0|0|0|0|0||||||||
22|4|717|B|1|0|1|750|14|4|0|0|4|ESTRATO_4|1|0|0|0|0|0|0|0|0|0|0|0|0|0|0|0|0|0|0|0|0|0|0|0|0|0||||||||
22|4|718|B|1|0|1|750|14|4|0|0|4|ESTRATO_4|1|0|0|0|0|0|0|0|0|0|0|0|0|0|0|0|0|0|0|0|0|0|0|0|0|0||||||||
22|4|719|B|1|0|1|750|14|4|0|0|4|ESTRATO_4|1|0|0|0|0|0|0|0|0|0|0|0|0|0|0|0|0|0|0|0|0|0|0|0|0|0||||||||
22|4|720|B|1|0|1|750|14|4|0|0|4|ESTRATO_4|1|0|0|0|0|0|0|0|0|0|0|0|0|0|0|0|0|0|0|0|0|0|0|0|0|0||||||||
22|4|721|B|1|0|1|750|14|4|0|0|4|ESTRATO_4|1|0|0|0|0|0|0|0|0|0|0|0|0|0|0|0|0|0|0|0|0|0|0|0|0|0||||||||
22|4|722|B|1|0|1|750|14|4|0|0|4|ESTRATO_4|1|0|0|0|0|0|0|0|0|0|0|0|0|0|0|0|0|0|0|0|0|0|0|0|0|0||||||||
22|4|723|B|1|0|1|750|14|4|0|0|4|ESTRATO_4|1|0|0|0|0|0|0|0|0|0|0|0|0|0|0|0|0|0|0|0|0|0|0|0|0|0||||||||
22|4|724|B|1|0|1|750|14|4|0|0|4|ESTRATO_4|1|0|0|0|0|0|0|0|0|0|0|0|0|0|0|0|0|0|0|0|0|0|0|0|0|0||||||||
22|4|725|B|1|0|1|750|14|4|0|0|4|ESTRATO_4|1|0|0|0|0|0|0|0|0|0|0|0|0|0|0|0|0|0|0|0|0|0|0|0|0|0||||||||
22|4|726|B|1|0|1|750|14|4|0|0|4|ESTRATO_4|1|0|0|0|0|0|0|0|0|0|0|0|0|0|0|0|0|0|0|0|0|0|0|0|0|0||||||||
22|4|867|B|1|0|2|750|14|4|0|0|4|ESTRATO_4|1|0|0|0|0|0|0|0|0|0|0|0|0|0|0|0|0|0|0|0|0|0|0|0|0|0||||||||
22|4|868|B|1|0|1|750|14|4|0|0|4|ESTRATO_4|1|0|0|0|0|0|0|0|0|0|0|0|0|0|0|0|0|0|0|0|0|0|0|0|0|0||||||||
22|4|869|B|1|0|1|750|14|4|0|0|4|ESTRATO_4|1|0|0|0|0|0|0|0|0|0|0|0|0|0|0|0|0|0|0|0|0|0|0|0|0|0||||||||
22|4|870|B|1|0|1|750|14|4|0|0|4|ESTRATO_4|1|0|0|0|0|0|0|0|0|0|0|0|0|0|0|0|0|0|0|0|0|0|0|0|0|0||||||||
22|4|871|B|1|0|1|750|14|4|0|0|4|ESTRATO_4|1|0|0|0|0|0|0|0|0|0|0|0|0|0|0|0|0|0|0|0|0|0|0|0|0|0||||||||
22|4|872|B|1|0|1|750|14|4|0|0|4|ESTRATO_4|1|0|0|0|0|0|0|0|0|0|0|0|0|0|0|0|0|0|0|0|0|0|0|0|0|0||||||||
22|4|873|B|1|0|1|750|14|4|0|0|4|ESTRATO_4|1|0|0|0|0|0|0|0|0|0|0|0|0|0|0|0|0|0|0|0|0|0|0|0|0|0||||||||
22|4|874|B|1|0|1|750|14|4|0|0|4|ESTRATO_4|1|0|0|0|0|0|0|0|0|0|0|0|0|0|0|0|0|0|0|0|0|0|0|0|0|0||||||||
22|4|875|B|1|0|1|750|14|4|0|0|4|ESTRATO_4|1|0|0|0|0|0|0|0|0|0|0|0|0|0|0|0|0|0|0|0|0|0|0|0|0|0||||||||
22|4|876|B|1|0|1|750|14|4|0|0|4|ESTRATO_4|1|0|0|0|0|0|0|0|0|0|0|0|0|0|0|0|0|0|0|0|0|0|0|0|0|0||||||||
22|4|877|B|1|0|1|750|14|4|0|0|4|ESTRATO_4|1|0|0|0|0|0|0|0|0|0|0|0|0|0|0|0|0|0|0|0|0|0|0|0|0|0||||||||
22|4|878|B|1|0|1|750|14|4|0|0|4|ESTRATO_4|1|0|0|0|0|0|0|0|0|0|0|0|0|0|0|0|0|0|0|0|0|0|0|0|0|0||||||||
22|5|1|B|1|0|1|750|1|8|0|0|5|ESTRATO_5|1|0|0|0|0|0|0|0|0|0|0|0|0|0|0|0|0|0|0|0|0|0|0|0|0|0||||||||
22|5|2|B|1|0|2|750|1|8|0|0|5|ESTRATO_5|1|0|0|0|0|0|0|0|0|0|0|0|0|0|0|0|0|0|0|0|0|0|0|0|0|0||||||||
22|5|3|B|1|0|1|750|1|8|0|0|5|ESTRATO_5|1|0|0|0|0|0|0|0|0|0|0|0|0|0|0|0|0|0|0|0|0|0|0|0|0|0||||||||
22|5|4|B|1|0|1|750|1|8|0|0|5|ESTRATO_5|1|0|0|0|0|0|0|0|0|0|0|0|0|0|0|0|0|0|0|0|0|0|0|0|0|0||||||||
22|5|5|B|1|0|2|750|1|8|0|0|5|ESTRATO_5|1|0|0|0|0|0|0|0|0|0|0|0|0|0|0|0|0|0|0|0|0|0|0|0|0|0||||||||
22|5|6|B|1|0|3|750|1|8|0|0|5|ESTRATO_5|1|0|0|0|0|0|0|0|0|0|0|0|0|0|0|0|0|0|0|0|0|0|0|0|0|0||||||||
22|5|7|B|1|0|3|750|1|8|0|0|5|ESTRATO_5|1|0|0|0|0|0|0|0|0|0|0|0|0|0|0|0|0|0|0|0|0|0|0|0|0|0||||||||
22|5|8|B|1|0|3|750|1|8|0|0|5|ESTRATO_5|1|0|0|0|0|0|0|0|0|0|0|0|0|0|0|0|0|0|0|0|0|0|0|0|0|0||||||||
22|5|9|B|1|0|3|750|1|8|0|0|5|ESTRATO_5|1|0|0|0|0|0|0|0|0|0|0|0|0|0|0|0|0|0|0|0|0|0|0|0|0|0||||||||
22|5|10|B|1|0|3|750|1|8|0|0|5|ESTRATO_5|1|0|0|0|0|0|0|0|0|0|0|0|0|0|0|0|0|0|0|0|0|0|0|0|0|0||||||||
22|5|11|B|1|0|3|750|1|8|0|0|5|ESTRATO_5|1|0|0|0|0|0|0|0|0|0|0|0|0|0|0|0|0|0|0|0|0|0|0|0|0|0||||||||
22|5|12|B|1|0|3|750|1|8|0|0|5|ESTRATO_5|1|0|0|0|0|0|0|0|0|0|0|0|0|0|0|0|0|0|0|0|0|0|0|0|0|0||||||||
22|5|13|B|1|0|3|750|1|8|0|0|5|ESTRATO_5|1|0|0|0|0|0|0|0|0|0|0|0|0|0|0|0|0|0|0|0|0|0|0|0|0|0||||||||
22|5|14|B|1|0|3|750|1|8|0|0|5|ESTRATO_5|1|0|0|0|0|0|0|0|0|0|0|0|0|0|0|0|0|0|0|0|0|0|0|0|0|0||||||||
22|5|15|B|1|0|3|750|1|8|0|0|5|ESTRATO_5|1|0|0|0|0|0|0|0|0|0|0|0|0|0|0|0|0|0|0|0|0|0|0|0|0|0||||||||
22|5|16|B|1|0|3|750|1|8|0|0|5|ESTRATO_5|1|0|0|0|0|0|0|0|0|0|0|0|0|0|0|0|0|0|0|0|0|0|0|0|0|0||||||||
22|5|17|B|1|0|3|750|1|8|0|0|5|ESTRATO_5|1|0|0|0|0|0|0|0|0|0|0|0|0|0|0|0|0|0|0|0|0|0|0|0|0|0||||||||
22|5|18|B|1|0|3|750|1|8|0|0|5|ESTRATO_5|1|0|0|0|0|0|0|0|0|0|0|0|0|0|0|0|0|0|0|0|0|0|0|0|0|0||||||||
22|5|20|B|1|0|3|750|1|8|0|0|5|ESTRATO_5|1|0|0|0|0|0|0|0|0|0|0|0|0|0|0|0|0|0|0|0|0|0|0|0|0|0||||||||
22|5|21|B|1|0|3|750|1|8|0|0|5|ESTRATO_5|1|0|0|0|0|0|0|0|0|0|0|0|0|0|0|0|0|0|0|0|0|0|0|0|0|0||||||||
22|5|22|B|1|0|3|750|1|8|0|0|5|ESTRATO_5|1|0|0|0|0|0|0|0|0|0|0|0|0|0|0|0|0|0|0|0|0|0|0|0|0|0||||||||
22|5|23|B|1|0|3|750|1|8|0|0|5|ESTRATO_5|1|0|0|0|0|0|0|0|0|0|0|0|0|0|0|0|0|0|0|0|0|0|0|0|0|0||||||||
22|5|24|B|1|0|3|750|1|8|0|0|5|ESTRATO_5|1|0|0|0|0|0|0|0|0|0|0|0|0|0|0|0|0|0|0|0|0|0|0|0|0|0||||||||
22|5|25|B|1|0|3|750|1|8|0|0|5|ESTRATO_5|1|0|0|0|0|0|0|0|0|0|0|0|0|0|0|0|0|0|0|0|0|0|0|0|0|0||||||||
22|5|26|B|1|0|3|750|1|8|0|0|5|ESTRATO_5|1|0|0|0|0|0|0|0|0|0|0|0|0|0|0|0|0|0|0|0|0|0|0|0|0|0||||||||
22|5|27|B|1|0|3|750|1|8|0|0|5|ESTRATO_5|1|0|0|0|0|0|0|0|0|0|0|0|0|0|0|0|0|0|0|0|0|0|0|0|0|0||||||||
22|5|28|B|1|0|3|750|1|8|0|0|5|ESTRATO_5|1|0|0|0|0|0|0|0|0|0|0|0|0|0|0|0|0|0|0|0|0|0|0|0|0|0||||||||
22|5|29|B|1|0|3|750|1|8|0|0|5|ESTRATO_5|1|0|0|0|0|0|0|0|0|0|0|0|0|0|0|0|0|0|0|0|0|0|0|0|0|0||||||||
22|5|30|B|1|0|3|750|1|8|0|0|5|ESTRATO_5|1|0|0|0|0|0|0|0|0|0|0|0|0|0|0|0|0|0|0|0|0|0|0|0|0|0||||||||
22|5|31|B|1|0|3|750|1|8|0|0|5|ESTRATO_5|1|0|0|0|0|0|0|0|0|0|0|0|0|0|0|0|0|0|0|0|0|0|0|0|0|0||||||||
22|5|32|B|1|0|3|750|1|8|0|0|5|ESTRATO_5|1|0|0|0|0|0|0|0|0|0|0|0|0|0|0|0|0|0|0|0|0|0|0|0|0|0||||||||
22|5|33|B|1|0|3|750|1|8|0|0|5|ESTRATO_5|1|0|0|0|0|0|0|0|0|0|0|0|0|0|0|0|0|0|0|0|0|0|0|0|0|0||||||||
22|5|34|B|1|0|3|750|1|8|0|0|5|ESTRATO_5|1|0|0|0|0|0|0|0|0|0|0|0|0|0|0|0|0|0|0|0|0|0|0|0|0|0||||||||
22|5|97|B|1|0|1|750|5|6|0|0|5|ESTRATO_5|1|0|0|0|0|0|0|0|0|0|0|0|0|0|0|0|0|0|0|0|0|0|0|0|0|0||||||||
22|5|98|B|1|0|1|750|5|6|0|0|5|ESTRATO_5|1|0|0|0|0|0|0|0|0|0|0|0|0|0|0|0|0|0|0|0|0|0|0|0|0|0||||||||
22|5|99|B|1|0|2|750|5|6|0|0|5|ESTRATO_5|1|0|0|0|0|0|0|0|0|0|0|0|0|0|0|0|0|0|0|0|0|0|0|0|0|0||||||||
22|5|100|B|1|0|1|750|5|7|0|0|5|ESTRATO_5|1|0|0|0|0|0|0|0|0|0|0|0|0|0|0|0|0|0|0|0|0|0|0|0|0|0||||||||
22|5|101|B|1|0|1|750|5|6|0|0|5|ESTRATO_5|1|0|0|0|0|0|0|0|0|0|0|0|0|0|0|0|0|0|0|0|0|0|0|0|0|0||||||||
22|5|102|B|1|0|1|750|5|6|0|0|5|ESTRATO_5|1|0|0|0|0|0|0|0|0|0|0|0|0|0|0|0|0|0|0|0|0|0|0|0|0|0||||||||
22|5|103|B|1|0|2|750|5|6|0|0|5|ESTRATO_5|1|0|0|0|0|0|0|0|0|0|0|0|0|0|0|0|0|0|0|0|0|0|0|0|0|0||||||||
22|5|104|B|1|0|1|750|5|7|0|0|5|ESTRATO_5|1|0|0|0|0|0|0|0|0|0|0|0|0|0|0|0|0|0|0|0|0|0|0|0|0|0||||||||
22|5|105|B|1|0|1|750|5|6|0|0|5|ESTRATO_5|1|0|0|0|0|0|0|0|0|0|0|0|0|0|0|0|0|0|0|0|0|0|0|0|0|0||||||||
22|5|106|B|1|0|1|750|5|7|0|0|5|ESTRATO_5|1|0|0|0|0|0|0|0|0|0|0|0|0|0|0|0|0|0|0|0|0|0|0|0|0|0||||||||
22|5|107|B|1|0|1|750|5|7|0|0|5|ESTRATO_5|1|0|0|0|0|0|0|0|0|0|0|0|0|0|0|0|0|0|0|0|0|0|0|0|0|0||||||||
22|5|108|B|1|0|1|750|5|7|0|0|5|ESTRATO_5|1|0|0|0|0|0|0|0|0|0|0|0|0|0|0|0|0|0|0|0|0|0|0|0|0|0||||||||
22|5|109|B|1|0|1|750|5|7|0|0|5|ESTRATO_5|1|0|0|0|0|0|0|0|0|0|0|0|0|0|0|0|0|0|0|0|0|0|0|0|0|0||||||||
22|5|110|B|1|0|1|750|5|6|0|0|5|ESTRATO_5|1|0|0|0|0|0|0|0|0|0|0|0|0|0|0|0|0|0|0|0|0|0|0|0|0|0||||||||
22|5|111|B|1|0|1|750|5|6|0|0|5|ESTRATO_5|1|0|0|0|0|0|0|0|0|0|0|0|0|0|0|0|0|0|0|0|0|0|0|0|0|0||||||||
22|5|113|B|1|0|1|750|5|7|0|0|5|ESTRATO_5|1|0|0|0|0|0|0|0|0|0|0|0|0|0|0|0|0|0|0|0|0|0|0|0|0|0||||||||
22|5|114|B|1|0|2|750|5|6|0|0|5|ESTRATO_5|1|0|0|0|0|0|0|0|0|0|0|0|0|0|0|0|0|0|0|0|0|0|0|0|0|0||||||||
22|5|115|B|1|0|2|750|5|7|0|0|5|ESTRATO_5|1|0|0|0|0|0|0|0|0|0|0|0|0|0|0|0|0|0|0|0|0|0|0|0|0|0||||||||
22|5|116|B|1|0|2|750|5|6|0|0|5|ESTRATO_5|1|0|0|0|0|0|0|0|0|0|0|0|0|0|0|0|0|0|0|0|0|0|0|0|0|0||||||||
22|5|117|B|1|0|2|750|5|7|0|0|5|ESTRATO_5|1|0|0|0|0|0|0|0|0|0|0|0|0|0|0|0|0|0|0|0|0|0|0|0|0|0||||||||
22|5|118|B|1|0|2|750|5|7|0|0|5|ESTRATO_5|1|0|0|0|0|0|0|0|0|0|0|0|0|0|0|0|0|0|0|0|0|0|0|0|0|0||||||||
22|5|119|B|1|0|3|750|5|7|0|0|5|ESTRATO_5|1|0|0|0|0|0|0|0|0|0|0|0|0|0|0|0|0|0|0|0|0|0|0|0|0|0||||||||
22|5|120|B|1|0|3|750|5|7|0|0|5|ESTRATO_5|1|0|0|0|0|0|0|0|0|0|0|0|0|0|0|0|0|0|0|0|0|0|0|0|0|0||||||||
22|5|121|B|1|0|3|750|5|7|0|0|5|ESTRATO_5|1|0|0|0|0|0|0|0|0|0|0|0|0|0|0|0|0|0|0|0|0|0|0|0|0|0||||||||
22|5|139|B|1|0|2|750|7|7|0|0|5|ESTRATO_5|1|0|0|0|0|0|0|0|0|0|0|0|0|0|0|0|0|0|0|0|0|0|0|0|0|0||||||||
22|5|140|B|1|0|2|750|7|7|0|0|5|ESTRATO_5|1|0|0|0|0|0|0|0|0|0|0|0|0|0|0|0|0|0|0|0|0|0|0|0|0|0||||||||
22|5|141|B|1|0|3|750|7|7|0|0|5|ESTRATO_5|1|0|0|0|0|0|0|0|0|0|0|0|0|0|0|0|0|0|0|0|0|0|0|0|0|0||||||||
22|5|142|B|1|0|3|750|7|7|0|0|5|ESTRATO_5|1|0|0|0|0|0|0|0|0|0|0|0|0|0|0|0|0|0|0|0|0|0|0|0|0|0||||||||
22|5|143|B|1|0|3|750|7|7|0|0|5|ESTRATO_5|1|0|0|0|0|0|0|0|0|0|0|0|0|0|0|0|0|0|0|0|0|0|0|0|0|0||||||||
22|5|144|B|1|0|3|750|7|7|0|0|5|ESTRATO_5|1|0|0|0|0|0|0|0|0|0|0|0|0|0|0|0|0|0|0|0|0|0|0|0|0|0||||||||
22|5|145|B|1|0|2|750|7|7|0|0|5|ESTRATO_5|1|0|0|0|0|0|0|0|0|0|0|0|0|0|0|0|0|0|0|0|0|0|0|0|0|0||||||||
22|5|146|B|1|0|3|750|7|7|0|0|5|ESTRATO_5|1|0|0|0|0|0|0|0|0|0|0|0|0|0|0|0|0|0|0|0|0|0|0|0|0|0||||||||
22|5|147|B|1|0|2|750|7|7|0|0|5|ESTRATO_5|1|0|0|0|0|0|0|0|0|0|0|0|0|0|0|0|0|0|0|0|0|0|0|0|0|0||||||||
22|5|148|B|1|0|3|750|7|7|0|0|5|ESTRATO_5|1|0|0|0|0|0|0|0|0|0|0|0|0|0|0|0|0|0|0|0|0|0|0|0|0|0||||||||
22|5|149|B|1|0|3|750|7|7|0|0|5|ESTRATO_5|1|0|0|0|0|0|0|0|0|0|0|0|0|0|0|0|0|0|0|0|0|0|0|0|0|0||||||||
22|5|150|B|1|0|3|750|7|7|0|0|5|ESTRATO_5|1|0|0|0|0|0|0|0|0|0|0|0|0|0|0|0|0|0|0|0|0|0|0|0|0|0||||||||
22|5|151|B|1|0|3|750|7|7|0|0|5|ESTRATO_5|1|0|0|0|0|0|0|0|0|0|0|0|0|0|0|0|0|0|0|0|0|0|0|0|0|0||||||||
22|5|152|B|1|0|3|750|7|7|0|0|5|ESTRATO_5|1|0|0|0|0|0|0|0|0|0|0|0|0|0|0|0|0|0|0|0|0|0|0|0|0|0||||||||
22|5|182|B|1|0|1|750|10|12|0|0|5|ESTRATO_5|1|0|0|0|0|0|0|0|0|0|0|0|0|0|0|0|0|0|0|0|0|0|0|0|0|0||||||||
22|5|183|B|1|0|1|750|10|12|0|0|5|ESTRATO_5|1|0|0|0|0|0|0|0|0|0|0|0|0|0|0|0|0|0|0|0|0|0|0|0|0|0||||||||
22|5|184|B|1|0|2|750|10|12|0|0|5|ESTRATO_5|1|0|0|0|0|0|0|0|0|0|0|0|0|0|0|0|0|0|0|0|0|0|0|0|0|0||||||||
22|5|185|B|1|0|2|750|10|12|0|0|5|ESTRATO_5|1|0|0|0|0|0|0|0|0|0|0|0|0|0|0|0|0|0|0|0|0|0|0|0|0|0||||||||
22|5|186|B|1|0|3|750|10|12|0|0|5|ESTRATO_5|1|0|0|0|0|0|0|0|0|0|0|0|0|0|0|0|0|0|0|0|0|0|0|0|0|0||||||||
22|5|187|B|1|0|3|750|10|12|0|0|5|ESTRATO_5|1|0|0|0|0|0|0|0|0|0|0|0|0|0|0|0|0|0|0|0|0|0|0|0|0|0||||||||
22|5|188|B|1|0|3|750|10|12|0|0|5|ESTRATO_5|1|0|0|0|0|0|0|0|0|0|0|0|0|0|0|0|0|0|0|0|0|0|0|0|0|0||||||||
22|5|189|B|1|0|1|750|10|12|0|0|5|ESTRATO_5|1|0|0|0|0|0|0|0|0|0|0|0|0|0|0|0|0|0|0|0|0|0|0|0|0|0||||||||
22|5|190|B|1|0|2|750|10|12|0|0|5|ESTRATO_5|1|0|0|0|0|0|0|0|0|0|0|0|0|0|0|0|0|0|0|0|0|0|0|0|0|0||||||||
22|5|191|B|1|0|2|750|10|12|0|0|5|ESTRATO_5|1|0|0|0|0|0|0|0|0|0|0|0|0|0|0|0|0|0|0|0|0|0|0|0|0|0||||||||
22|5|192|B|1|0|2|750|10|12|0|0|5|ESTRATO_5|1|0|0|0|0|0|0|0|0|0|0|0|0|0|0|0|0|0|0|0|0|0|0|0|0|0||||||||
22|5|193|B|1|0|2|750|10|12|0|0|5|ESTRATO_5|1|0|0|0|0|0|0|0|0|0|0|0|0|0|0|0|0|0|0|0|0|0|0|0|0|0||||||||
22|5|194|B|1|0|3|750|10|12|0|0|5|ESTRATO_5|1|0|0|0|0|0|0|0|0|0|0|0|0|0|0|0|0|0|0|0|0|0|0|0|0|0||||||||
22|5|195|B|1|0|2|750|10|12|0|0|5|ESTRATO_5|1|0|0|0|0|0|0|0|0|0|0|0|0|0|0|0|0|0|0|0|0|0|0|0|0|0||||||||
22|5|196|B|1|0|2|750|10|12|0|0|5|ESTRATO_5|1|0|0|0|0|0|0|0|0|0|0|0|0|0|0|0|0|0|0|0|0|0|0|0|0|0||||||||
22|5|197|B|1|0|1|750|10|12|0|0|5|ESTRATO_5|1|0|0|0|0|0|0|0|0|0|0|0|0|0|0|0|0|0|0|0|0|0|0|0|0|0||||||||
22|5|198|B|1|0|2|750|10|12|0|0|5|ESTRATO_5|1|0|0|0|0|0|0|0|0|0|0|0|0|0|0|0|0|0|0|0|0|0|0|0|0|0||||||||
22|5|199|B|1|0|1|750|10|12|0|0|5|ESTRATO_5|1|0|0|0|0|0|0|0|0|0|0|0|0|0|0|0|0|0|0|0|0|0|0|0|0|0||||||||
22|5|200|B|1|0|3|750|10|12|0|0|5|ESTRATO_5|1|0|0|0|0|0|0|0|0|0|0|0|0|0|0|0|0|0|0|0|0|0|0|0|0|0||||||||
22|5|202|B|1|0|2|750|10|12|0|0|5|ESTRATO_5|1|0|0|0|0|0|0|0|0|0|0|0|0|0|0|0|0|0|0|0|0|0|0|0|0|0||||||||
22|5|203|B|1|0|2|750|10|12|0|0|5|ESTRATO_5|1|0|0|0|0|0|0|0|0|0|0|0|0|0|0|0|0|0|0|0|0|0|0|0|0|0||||||||
22|5|204|B|1|0|2|750|10|12|0|0|5|ESTRATO_5|1|0|0|0|0|0|0|0|0|0|0|0|0|0|0|0|0|0|0|0|0|0|0|0|0|0||||||||
22|5|205|B|1|0|2|750|10|12|0|0|5|ESTRATO_5|1|0|0|0|0|0|0|0|0|0|0|0|0|0|0|0|0|0|0|0|0|0|0|0|0|0||||||||
22|5|206|B|1|0|1|750|10|12|0|0|5|ESTRATO_5|1|0|0|0|0|0|0|0|0|0|0|0|0|0|0|0|0|0|0|0|0|0|0|0|0|0||||||||
22|5|207|B|1|0|2|750|10|12|0|0|5|ESTRATO_5|1|0|0|0|0|0|0|0|0|0|0|0|0|0|0|0|0|0|0|0|0|0|0|0|0|0||||||||
22|5|208|B|1|0|3|750|10|12|0|0|5|ESTRATO_5|1|0|0|0|0|0|0|0|0|0|0|0|0|0|0|0|0|0|0|0|0|0|0|0|0|0||||||||
22|5|209|B|1|0|2|750|10|12|0|0|5|ESTRATO_5|1|0|0|0|0|0|0|0|0|0|0|0|0|0|0|0|0|0|0|0|0|0|0|0|0|0||||||||
22|5|555|B|1|0|3|750|10|12|0|0|5|ESTRATO_5|1|0|0|0|0|0|0|0|0|0|0|0|0|0|0|0|0|0|0|0|0|0|0|0|0|0||||||||
22|5|688|B|1|0|2|750|5|6|0|0|5|ESTRATO_5|1|0|0|0|0|0|0|0|0|0|0|0|0|0|0|0|0|0|0|0|0|0|0|0|0|0||||||||
22|5|689|B|1|0|1|750|5|7|0|0|5|ESTRATO_5|1|0|0|0|0|0|0|0|0|0|0|0|0|0|0|0|0|0|0|0|0|0|0|0|0|0||||||||
22|5|690|B|1|0|1|750|5|7|0|0|5|ESTRATO_5|1|0|0|0|0|0|0|0|0|0|0|0|0|0|0|0|0|0|0|0|0|0|0|0|0|0||||||||
22|5|694|B|1|0|1|750|5|7|0|0|5|ESTRATO_5|1|0|0|0|0|0|0|0|0|0|0|0|0|0|0|0|0|0|0|0|0|0|0|0|0|0||||||||
22|5|695|B|1|0|1|750|5|7|0|0|5|ESTRATO_5|1|0|0|0|0|0|0|0|0|0|0|0|0|0|0|0|0|0|0|0|0|0|0|0|0|0||||||||
22|5|760|B|1|0|3|750|10|12|0|0|5|ESTRATO_5|1|0|0|0|0|0|0|0|0|0|0|0|0|0|0|0|0|0|0|0|0|0|0|0|0|0||||||||
22|5|761|B|1|0|2|750|10|12|0|0|5|ESTRATO_5|1|0|0|0|0|0|0|0|0|0|0|0|0|0|0|0|0|0|0|0|0|0|0|0|0|0||||||||
22|5|762|B|1|0|1|750|10|12|0|0|5|ESTRATO_5|1|0|0|0|0|0|0|0|0|0|0|0|0|0|0|0|0|0|0|0|0|0|0|0|0|0||||||||
22|5|763|B|1|0|2|750|10|12|0|0|5|ESTRATO_5|1|0|0|0|0|0|0|0|0|0|0|0|0|0|0|0|0|0|0|0|0|0|0|0|0|0||||||||
22|5|764|B|1|0|1|750|5|6|0|0|5|ESTRATO_5|1|0|0|0|0|0|0|0|0|0|0|0|0|0|0|0|0|0|0|0|0|0|0|0|0|0||||||||
22|5|765|B|1|0|1|750|5|7|0|0|5|ESTRATO_5|1|0|0|0|0|0|0|0|0|0|0|0|0|0|0|0|0|0|0|0|0|0|0|0|0|0||||||||
22|5|766|B|1|0|1|750|5|7|0|0|5|ESTRATO_5|1|0|0|0|0|0|0|0|0|0|0|0|0|0|0|0|0|0|0|0|0|0|0|0|0|0||||||||
22|5|767|B|1|0|1|750|5|7|0|0|5|ESTRATO_5|1|0|0|0|0|0|0|0|0|0|0|0|0|0|0|0|0|0|0|0|0|0|0|0|0|0||||||||
22|5|768|B|1|0|1|750|5|7|0|0|5|ESTRATO_5|1|0|0|0|0|0|0|0|0|0|0|0|0|0|0|0|0|0|0|0|0|0|0|0|0|0||||||||
22|5|769|B|1|0|1|750|5|7|0|0|5|ESTRATO_5|1|0|0|0|0|0|0|0|0|0|0|0|0|0|0|0|0|0|0|0|0|0|0|0|0|0||||||||
22|5|770|B|1|0|1|750|5|7|0|0|5|ESTRATO_5|1|0|0|0|0|0|0|0|0|0|0|0|0|0|0|0|0|0|0|0|0|0|0|0|0|0||||||||
22|5|771|B|1|0|1|750|5|7|0|0|5|ESTRATO_5|1|0|0|0|0|0|0|0|0|0|0|0|0|0|0|0|0|0|0|0|0|0|0|0|0|0||||||||
22|5|772|B|1|0|1|750|5|7|0|0|5|ESTRATO_5|1|0|0|0|0|0|0|0|0|0|0|0|0|0|0|0|0|0|0|0|0|0|0|0|0|0||||||||
22|5|773|B|1|0|1|750|5|7|0|0|5|ESTRATO_5|1|0|0|0|0|0|0|0|0|0|0|0|0|0|0|0|0|0|0|0|0|0|0|0|0|0||||||||
22|5|774|B|1|0|1|750|5|7|0|0|5|ESTRATO_5|1|0|0|0|0|0|0|0|0|0|0|0|0|0|0|0|0|0|0|0|0|0|0|0|0|0||||||||
22|5|775|B|1|0|1|750|5|7|0|0|5|ESTRATO_5|1|0|0|0|0|0|0|0|0|0|0|0|0|0|0|0|0|0|0|0|0|0|0|0|0|0||||||||
22|5|776|B|1|0|1|750|5|7|0|0|5|ESTRATO_5|1|0|0|0|0|0|0|0|0|0|0|0|0|0|0|0|0|0|0|0|0|0|0|0|0|0||||||||
22|5|777|B|1|0|1|750|5|7|0|0|5|ESTRATO_5|1|0|0|0|0|0|0|0|0|0|0|0|0|0|0|0|0|0|0|0|0|0|0|0|0|0||||||||
22|5|778|B|1|0|1|750|5|7|0|0|5|ESTRATO_5|1|0|0|0|0|0|0|0|0|0|0|0|0|0|0|0|0|0|0|0|0|0|0|0|0|0||||||||
22|5|779|B|1|0|1|750|5|7|0|0|5|ESTRATO_5|1|0|0|0|0|0|0|0|0|0|0|0|0|0|0|0|0|0|0|0|0|0|0|0|0|0||||||||
22|5|780|B|1|0|1|750|5|7|0|0|5|ESTRATO_5|1|0|0|0|0|0|0|0|0|0|0|0|0|0|0|0|0|0|0|0|0|0|0|0|0|0||||||||
22|5|781|B|1|0|1|750|5|7|0|0|5|ESTRATO_5|1|0|0|0|0|0|0|0|0|0|0|0|0|0|0|0|0|0|0|0|0|0|0|0|0|0||||||||
22|5|782|B|1|0|1|750|5|7|0|0|5|ESTRATO_5|1|0|0|0|0|0|0|0|0|0|0|0|0|0|0|0|0|0|0|0|0|0|0|0|0|0||||||||
22|5|783|B|1|0|1|750|5|7|0|0|5|ESTRATO_5|1|0|0|0|0|0|0|0|0|0|0|0|0|0|0|0|0|0|0|0|0|0|0|0|0|0||||||||
22|5|784|B|1|0|1|750|5|7|0|0|5|ESTRATO_5|1|0|0|0|0|0|0|0|0|0|0|0|0|0|0|0|0|0|0|0|0|0|0|0|0|0||||||||
22|5|785|B|1|0|1|750|5|7|0|0|5|ESTRATO_5|1|0|0|0|0|0|0|0|0|0|0|0|0|0|0|0|0|0|0|0|0|0|0|0|0|0||||||||
22|5|786|B|1|0|1|750|5|7|0|0|5|ESTRATO_5|1|0|0|0|0|0|0|0|0|0|0|0|0|0|0|0|0|0|0|0|0|0|0|0|0|0||||||||
22|5|787|B|1|0|1|750|5|7|0|0|5|ESTRATO_5|1|0|0|0|0|0|0|0|0|0|0|0|0|0|0|0|0|0|0|0|0|0|0|0|0|0||||||||
22|5|788|B|1|0|1|750|5|7|0|0|5|ESTRATO_5|1|0|0|0|0|0|0|0|0|0|0|0|0|0|0|0|0|0|0|0|0|0|0|0|0|0||||||||
22|5|789|B|1|0|1|750|5|7|0|0|5|ESTRATO_5|1|0|0|0|0|0|0|0|0|0|0|0|0|0|0|0|0|0|0|0|0|0|0|0|0|0||||||||
22|5|790|B|1|0|1|750|5|7|0|0|5|ESTRATO_5|1|0|0|0|0|0|0|0|0|0|0|0|0|0|0|0|0|0|0|0|0|0|0|0|0|0||||||||
22|5|791|B|1|0|1|750|5|7|0|0|5|ESTRATO_5|1|0|0|0|0|0|0|0|0|0|0|0|0|0|0|0|0|0|0|0|0|0|0|0|0|0||||||||
22|5|792|B|1|0|1|750|5|7|0|0|5|ESTRATO_5|1|0|0|0|0|0|0|0|0|0|0|0|0|0|0|0|0|0|0|0|0|0|0|0|0|0||||||||
22|5|793|B|1|0|1|750|5|7|0|0|5|ESTRATO_5|1|0|0|0|0|0|0|0|0|0|0|0|0|0|0|0|0|0|0|0|0|0|0|0|0|0||||||||
22|5|794|B|1|0|1|750|5|7|0|0|5|ESTRATO_5|1|0|0|0|0|0|0|0|0|0|0|0|0|0|0|0|0|0|0|0|0|0|0|0|0|0||||||||
22|5|795|B|1|0|1|750|5|7|0|0|5|ESTRATO_5|1|0|0|0|0|0|0|0|0|0|0|0|0|0|0|0|0|0|0|0|0|0|0|0|0|0||||||||
22|5|796|B|1|0|1|750|5|7|0|0|5|ESTRATO_5|1|0|0|0|0|0|0|0|0|0|0|0|0|0|0|0|0|0|0|0|0|0|0|0|0|0||||||||
22|5|904|B|1|0|3|750|1|8|0|0|5|ESTRATO_5|1|0|0|0|0|0|0|0|0|0|0|0|0|0|0|0|0|0|0|0|0|0|0|0|0|0||||||||
22|5|905|B|1|0|3|750|1|8|0|0|5|ESTRATO_5|1|0|0|0|0|0|0|0|0|0|0|0|0|0|0|0|0|0|0|0|0|0|0|0|0|0||||||||
22|5|906|B|1|0|2|750|10|12|0|0|5|ESTRATO_5|1|0|0|0|0|0|0|0|0|0|0|0|0|0|0|0|0|0|0|0|0|0|0|0|0|0||||||||
22|5|907|B|1|0|2|750|10|12|0|0|5|ESTRATO_5|1|0|0|0|0|0|0|0|0|0|0|0|0|0|0|0|0|0|0|0|0|0|0|0|0|0||||||||
