214
id_ESTADO|ID_DISTRITO|SECCION|TIPO_CASILLA|ID_CASILLA|EXT_CONTIGUA|PAN|PRI|PRD|PVEM|PT|MC|PANAL|MORENA|PH|ES|PRI_PVEM|PRD_PT|CI_1|CI_2|NUM_VOTOS_CAN_NREG|NUM_VOTOS_NULOS|ANIO|MES|DIA|HORA|MINUTOS|SEGUNDOS|ORIGEN_CAPTURA|TIPO_SECCION|LISTA_NOMINAL|CIRCUNSCRIPCION|MODIFICADO
1|1|430|C|1|0|74|76|35|23|23|6|14|2|5|1|||||0|14|2015|6|7|18|51|27.072|1|2|622|2|
1|2|555|C|2|0|63|63|4|11|12|7|11|13|5|5|||||1|11|2015|6|7|18|49|6.86|1|1|652|2|
1|2|589|C|1|0|50|49|8|18|5|3|4|5|3|4|||||0|14|2015|6|7|18|41|2.221|1|2|698|2|
1|3|184|C|1|0|65|40|2|9|2|2|7|15|6|6|||||0|17|2015|6|7|18|35|12.383|1|1|413|2|
1|3|210|C|1|0|139|69|3|12|2|9|5|30|2|7|||||3|20|2015|6|7|18|40|15.562|1|1|616|2|
1|3|248|C|1|0|24|50|4|11|2|0|4|14|5|5|||||0|2|2015|6|7|18|39|40.142|1|1|396|2|
1|3|326|C|3|0|90|48|7|6|3|8|15|24|7|11|||||1|20|2015|6|7|18|46|13.537|1|2|677|2|
5|2|206|C|1|0|48|117|2|7|2|2|6|16|2|5|3||||0|6|2015|6|7|18|54|44.28|1|1|579|2|
5|2|465|B|1|0|39|100|4|7|2|5|18|9|2|0|0||||0|3|2015|6|7|18|34|29.436|1|1|476|2|
5|2|1065|C|1|0|27|88|1|4|3|0|10|2|1|1|2||||0|2|2015|6|7|18|32|0.858|1|1|418|2|
5|3|327|C|1|0|119|83|6|3|0|3|9|15|3|15|1||||0|4|2015|6|7|18|52|4.278|1|1|599|2|
5|3|349|B|1|0|43|104|2|8|1|3|3|8|2|11|2||||0|2|2015|6|7|18|40|43.795|1|1|513|2|
5|3|441|C|1|0|57|78|10|6|2|2|20|11|3|17|0||||0|7|2015|6|7|18|44|39.103|1|1|479|2|
5|3|693|C|1|0|50|138|0|8|2|3|59|1|6|4|1||||0|8|2015|6|7|18|33|15.458|1|1|679|2|
5|4|800|C|2|0|98|105|4|8|5|2|47|15|13|8|3||||0|13|2015|6|7|18|51|15.463|1|1|629|2|
5|4|834|C|3|0|50|107|6|7|1|7|16|20|6|18|0||||0|8|2015|6|7|18|36|0.62|1|1|590|2|
5|4|977|C|2|0|73|122|8|9|11|5|24|17|11|16|1||||0|14|2015|6|7|18|56|27.853|1|1|606|2|
5|4|982|C|1|0|58|134|4|11|3|8|22|12|13|13|1||||1|17|2015|6|7|18|40|21.914|1|1|592|2|
5|4|1005|B|1|0|48|219|6|13|4|6|15|10|21|6|6||||0|19|2015|6|7|18|56|5.828|1|2|736|2|
5|4|1647|B|1|0|22|108|2|4|5|3|5|8|3|9|2||||0|10|2015|6|7|18|48|51.256|1|1|389|2|
5|4|1649|B|1|0|40|131|4|10|2|4|12|11|5|14|0||||0|9|2015|6|7|18|44|53.976|1|1|480|2|
5|5|303|C|1|0|34|137|11|13|1|5|5|9|2|1|1||||0|9|2015|6|7|18|44|19.093|1|2|380|2|
5|5|543|S|1|0|2|3|2|1|0|0|2|5|0|0|0||||0|0|2015|6|7|18|45|24.67|1|1|0|2|
5|5|1258|S|1|0|33|28|2|2|3|10|8|13|2|3|0||||0|4|2015|6|7|18|39|13.047|1|1|0|2|
5|5|1482|B|1|0|49|184|5|2|4|0|5|17|2|1|1||||1|3|2015|6|7|18|34|58.475|1|2|402|2|
5|5|1488|B|1|0|5|70|1|3|2|1|1|1|2|0|0||||0|4|2015|6|7|18|44|43.511|1|2|154|2|
5|5|1575|B|1|0|65|52|4|10|5|16|20|35|3|11|1||||0|10|2015|6|7|18|47|29.739|1|1|482|2|
5|6|1314|C|11|0|61|79|1|16|2|8|9|8|7|8|5||||1|6|2015|6|7|18|54|26.605|1|2|737|2|
5|6|1316|C|1|0|72|87|6|11|0|6|6|12|6|1|2||||0|6|2015|6|7|18|49|18.249|1|1|408|2|
5|6|1528|C|1|0|58|80|3|16|0|5|14|13|3|4|2||||0|9|2015|6|7|18|50|21.023|1|1|419|2|
5|7|792|C|1|0|38|109|3|17|5|2|15|11|4|10|2||||0|15|2015|6|7|18|50|12.444|1|1|539|2|
5|7|805|B|1|0|36|146|6|12|2|5|13|10|6|4|1||||0|11|2015|6|7|18|52|4.959|2|1|462|2|
5|7|893|C|1|0|55|72|3|2|0|5|13|14|11|8|0||||0|10|2015|6|7|18|54|45.928|1|1|416|2|
7|4|670|B|1|0|6|53|4|139|1|5|25|4|2|2|10||||0|13|2015|6|7|18|33|59.888|1|2|528|3|
7|9|1609|C|3|0|10|34|6|69|5|2|1|20|4|8|3||||0|24|2015|6|7|18|47|23.922|2|1|672|3|
7|9|1725|C|2|0|11|7|5|8|3|2|25|7|11|1|1||||0|1|2015|6|7|18|36|46.269|2|1|509|3|
7|11|594|E|1|0|11|19|3|7|1|0|0|3|1|0|0||||0|5|2015|6|7|18|44|42.126|1|2|291|3|
7|11|790|B|1|0|1|9|31|66|12|13|3|9|7|0|6||||0|12|2015|6|7|18|34|37.302|1|2|603|3|
7|11|1759|E|1|0|13|48|19|45|8|12|2|28|0|1|0||||0|6|2015|6|7|18|36|10.544|1|2|433|3|
9|3|302|B|1|0|43|23|38|14|1|3|8|54|10|22|2|0|||0|12|2015|6|7|18|55|24.077|1|1|481|4|
9|23|394|B|1|0|20|19|114|4|4|10|8|75|6|14||1|||0|26|2015|6|7|18|46|39.703|1|1|742|4|
10|1|199|C|1|0|26|100|5|12|23|21|22|17|3|9|8||||0|16|2015|6|7|18|54|54.385|1|1|624|1|
10|1|204|C|7|0|37|91|3|11|27|28|14|21|4|10|5||||0|0|2015|6|7|18|41|2.84|1|1|722|1|
10|1|376|C|1|0|46|146|28|8|28|13|6|12|4|4|0||||0|7|2015|6|7|18|56|46.234|1|2|612|1|
10|2|519|B|1|0|49|78|5|9|3|8|6|14|11|10|4|0|||0|13|2015|6|7|18|55|51.871|1|1|476|1|
10|2|714|C|1|0|55|74|1|7|1|3|4|18|5|7|0|0|||0|5|2015|6|7|18|39|37.661|1|1|406|1|
10|2|756|B|1|0|23|146|71|13|7|3|8|44|2|4|2|2|||0|9|2015|6|7|18|51|45.414|1|2|669|1|
10|3|8|B|1|0|36|78|3|7|7|0|11|10|0|3|2||||0|5|2015|6|7|18|34|17.255|1|2|380|1|
10|3|22|B|1|0|62|89|5|5|9|6|6|9|2|4|0||||0|7|2015|6|7|18|43|57.575|1|2|457|1|
10|3|34|B|1|0|6|57|0|2|14|9|1|4|0|0|7||||1|0|2015|6|7|18|28|24.02|1|2|197|1|
10|3|39|B|1|0|18|99|0|4|10|1|4|7|1|1|1||||0|0|2015|6|7|18|37|54.019|1|2|269|1|
10|3|66|B|1|0|53|81|51|9|2|1|14|8|1|2|1||||0|12|2015|6|7|18|52|51.944|1|1|556|1|
10|3|75|B|1|0|32|36|11|5|0|0|3|11|0|1|0||||1|3|2015|6|7|18|47|11.18|1|1|382|1|
10|3|105|B|1|0|17|113|63|36|17|2|0|13|0|2|5||||0|10|2015|6|7|18|40|3.901|1|1|712|1|
10|3|842|B|1|0|31|108|2|3|13|3|1|18|1|6|2||||0|6|2015|6|7|18|50|16.425|1|2|320|1|
10|3|880|B|1|0|18|98|1|17|1|2|0|5|2|1|5||||0|9|2015|6|7|18|54|31.042|1|2|397|1|
10|3|888|C|2|0|11|21|0|24|0|0|2|5|2|4|1||||0|2|2015|6|7|18|34|56.385|1|2|642|1|
10|3|906|B|1|0|91|186|3|7|12|1|28|8|0|0|0||||0|3|2015|6|7|18|49|38.75|1|1|636|1|
10|3|915|B|1|0|28|97|3|6|1|2|13|9|0|1|2||||0|6|2015|6|7|18|43|58.027|1|1|388|1|
10|3|998|B|1|0|57|110|0|9|24|1|2|2|3|3|1||||0|3|2015|6|7|18|46|50.929|1|2|376|1|
10|3|1010|C|1|0|59|127|6|5|2|4|5|23|1|2|1||||0|4|2015|6|7|18|41|1.311|1|2|506|1|
10|3|1389|B|1|0|51|89|0|33|2|12|3|0|0|3|3||||0|1|2015|6|7|18|53|41.702|1|2|382|1|
11|2|2527|C|1|0|82|42|24|115|6|3|27|10|2|15|5||||0|22|2015|6|7|18|50|3.242|2|2|718|2|
11|4|837|B|1|0|36|88|48|11|4|3|6|3|6|10|5||||0|4|2015|6|7|18|45|39.602|1|1|610|2|
11|4|906|C|1|0|55|57|5|4|3|3|1|4|0|2|2||||0|4|2015|6|7|18|42|17.724|1|2|385|2|
11|5|1490|C|1|0|80|39|2|19|0|8|8|8|6|5|7||||0|4|2015|6|7|18|42|44.423|1|2|677|2|
11|6|1659|C|1|0|119|85|3|13|1|1|5|4|8|3|6||||0|11|2015|6|7|18|48|16.383|1|2|610|2|
11|6|1848|B|1|0|115|42|2|20|0|9|9|11|8|8|4||||0|11|2015|6|7|18|51|13.865|1|1|541|2|
11|7|2682|C|1|0|78|36|50|34|3|1|7|18|5|3|0||||0|10|2015|6|7|18|31|1.454|1|1|580|2|
11|10|1871|B|1|0|61|38|52|70|7|7|6|7|7|3|0||||0|12|2015|6|7|18|43|46.311|1|1|465|2|
11|10|1871|C|1|0|78|37|52|54|4|13|10|4|6|0|0||||0|14|2015|6|7|18|45|46.358|1|1|465|2|
11|10|2319|C|1|0|95|110|7|17|3|3|4|15|8|4|2||||1|14|2015|6|7|18|55|22.905|1|2|624|2|
13|4|1|C|2|0|25|87|17|17|2|3|7|8|1|17|4||||0|5|2015|6|7|18|56|35.186|1|2|501|5|
13|4|1531|C|1|0|31|49|12|1|2|3|14|18|4|17|2||||0|7|2015|6|7|18|54|31.659|1|1|468|5|
13|7|262|C|2|0|39|99|13|12|7|1|24|11|5|18|1||||0|5|2015|6|7|18|33|56.858|1|2|743|5|
13|7|266|B|1|0|11|60|6|13|5|4|19|19|5|5|1||||0|8|2015|6|7|18|45|33.176|1|2|543|5|
14|2|526|B|1|0|158|55|0|4|1|14|2|5|3|9|3||||0|7|2015|6|7|18|47|41.636|1|2|507|1|
14|2|1706|C|1|0|106|101|1|8|2|94|11|10|6|8|8||||0|14|2015|6|7|18|56|43.53|1|1|646|1|
14|2|2092|B|1|0|158|21|1|51|1|9|8|2|2|1|3||||0|4|2015|6|7|18|47|33.896|1|2|587|1|
14|2|2095|B|1|0|87|8|0|12|0|8|1|0|2|0|1||||0|6|2015|6|7|18|43|46.679|1|2|230|1|
14|7|2699|C|1|0|33|76|5|7|6|73|9|15|11|5|2||||0|7|2015|6|7|18|34|39.969|1|1|593|1|
14|7|2720|C|1|0|26|73|6|5|7|8|8|6|10|4|0||||0|8|2015|6|7|18|51|5.559|1|1|625|1|
14|11|1397|B|1|0|24|88|6|6|7|134|9|3|2|13|4||||0|6|2015|6|7|18|49|49.491|1|1|588|1|
14|11|1432|B|1|0|36|72|4|7|5|106|11|4|1|11|2||||1|7|2015|6|7|18|46|41.16|1|1|502|1|
14|13|1063|B|1|0|54|70|11|1|2|114|13|15|8|19|0||||1|8|2015|6|7|18|56|16.176|1|1|541|1|
14|17|2429|B|1|0|55|132|4|59|44|10|13|9|3|3|1||||0|5|2015|6|7|18|53|30.624|1|1|597|1|
14|19|2176|B|1|0|72|67|39|10|7|20|33|14|10|3|5||||0|11|2015|6|7|18|50|22.343|1|2|607|1|
15|2|4582|B|1|0|68|82|41|0|0|98|7|33|13|14|0||||0|6|2015|6|7|18|45|19.856|1|1|743|5|
15|22|3019|B|1|0|39|56|13|9|5|10|4|27|7|16|2||||0|10|2015|6|7|18|56|27.317|1|1|517|5|
15|27|2523|B|1|0|35|108|3|5|13|14|11|24|6|13|0||||0|10|2015|6|7|18|50|30.367|1|1|403|5|
15|38|5981|B|1|0|5|140|13|6|6|7|6|25|7|10|1||||0|5|2015|6|7|18|54|52.578|1|1|521|5|
16|2|1606|B|1|0|67|69|36|8|2|3|15|10|7|14|0|1|||0|15|2015|6|7|18|52|7.978|1|1|410|5|
16|4|1682|B|1|0|21|72|81|2|1|3|3|4|2|1|3|0|||0|7|2015|6|7|18|54|6.251|1|2|287|5|
16|4|1724|C|1|0|79|103|24|8|2|3|1|7|2|2|2|0|||0|9|2015|6|7|18|45|31.726|1|1|416|5|
19|7|1141|B|1|0|48|46|2|7|4|24|5|4|5|6|1|0|||0|3|2015|6|7|18|51|44.253|1|1|278|2|
20|3|720|C|1|0|13|47|35|14|8|8|1|41|9|12||2|||0|18|2015|6|7|18|43|43.376|1|2|731|3|
20|3|1428|C|1|0|19|67|17|10|1|4|16|35|1|3||1|||0|11|2015|6|7|18|52|36.667|1|2|482|3|
20|3|2188|E|1|0|17|52|51|5|4|4|1|16|0|0||3|||0|5|2015|6|7|18|55|32.886|1|2|381|3|
20|8|477|B|1|0|15|60|28|22|7|1|23|21|5|13||2|||0|13|2015|6|7|18|52|13.096|1|1|626|3|
20|8|525|C|1|0|16|51|31|10|10|6|14|26|9|20||1|||0|17|2015|6|7|18|53|9.241|1|1|466|3|
20|8|559|B|1|0|18|40|51|8|7|3|6|33|6|11||1|||0|13|2015|6|7|18|54|52.82|1|1|558|3|
20|9|958|C|1|0|32|38|72|4|10|1|5|14|2|2||4|||0|9|2015|6|7|18|40|29.229|1|2|650|3|
20|9|2426|C|2|0|19|14|40|12|3|6|6|83|3|3||1|||0|15|2015|6|7|18|54|23.973|1|1|634|3|
21|2|712|B|1|0|146|118|10|9|3|0|2|17|2|1|4||||0|7|2015|6|7|18|39|2.613|1|2|457|4|
21|2|848|B|1|0|78|98|11|20|5|5|14|26|4|4|3||||1|16|2015|6|7|18|56|5.547|1|2|666|4|
21|2|1848|E|1|0|6|160|72|5|2|1|2|6|0|2|14||||0|5|2015|6|7|18|49|32.706|1|2|405|4|
21|3|689|B|1|0|57|62|8|5|2|2|1|2|1|1|11||||0|5|2015|6|7|18|30|23.95|1|2|227|4|
21|3|2141|B|1|0|44|51|9|1|15|12|17|20|2|2|2||||0|7|2015|6|7|18|48|59.693|1|1|428|4|
21|3|2168|E|1|0|132|32|6|7|8|7|5|5|1|5|2||||0|11|2015|6|7|18|53|54.069|1|2|404|4|
21|5|652|C|2|0|74|24|4|9|4|9|13|12|13|8|4||||0|9|2015|6|7|18|55|27.284|1|1|679|4|
21|5|2239|B|1|0|58|76|5|10|2|96|5|4|3|1|12||||0|4|2015|6|7|18|56|21.905|1|2|573|4|
21|6|1373|C|1|0|60|40|2|11|2|9|4|34|6|9|4||13||1|15|2015|6|7|18|38|29.743|1|1|584|4|
21|6|1383|B|1|0|64|46|13|3|4|11|6|34|6|11|4||16||0|21|2015|6|7|18|52|32.737|1|1|519|4|
21|11|1129|B|1|0|87|18|0|8|4|17|12|24|10|15|5||||3|18|2015|6|7|18|51|9.374|1|1|569|4|
21|11|1245|C|1|0|39|28|2|13|10|5|12|30|7|10|3||||0|18|2015|6|7|18|32|17.113|1|1|604|4|
21|12|1109|B|1|0|20|16|1|3|3|3|1|20|3|5|2||||1|11|2015|6|7|18|45|16.345|1|1|251|4|
21|12|1603|C|3|0|58|106|14|5|5|7|5|22|2|3|11||||1|1|2015|6|7|18|54|5.684|1|1|741|4|
21|12|2589|B|1|0|24|43|1|24|5|2|16|26|9|11|7||||0|17|2015|6|7|18|54|54.724|1|1|445|4|
21|13|218|B|1|0|88|102|3|13|2|2|4|18|1|1|15||||0|4|2015|6|7|18|55|48.414|1|2|567|4|
21|13|2087|E|1|0|7|30|3|5|1|0|0|0|0|0|25||||0|2|2015|6|7|18|47|34.246|1|2|128|4|
21|13|2331|B|1|0|49|110|3|12|3|0|0|4|0|0|8||||0|5|2015|6|7|18|40|48.112|1|2|505|4|
21|14|341|B|1|0|0|39|20|1|2|0|3|9|1|0|1||||0|1|2015|6|7|18|53|22.841|1|2|130|4|
21|14|451|B|1|0|9|85|40|3|32|1|1|4|1|1|5||||0|14|2015|6|7|18|52|19.868|1|2|516|4|
22|2|624|C|3|0|103|81|7|13|5|2|10|16|24|12|2||||0|2|2015|6|7|18|50|30.223|1|2|711|2|
22|4|430|B|1|0|139|65|10|16|7|3|6|42|7|16|4||||1|28|2015|6|7|18|53|29.062|1|1|566|2|
22|4|516|B|1|0|39|176|3|16|3|0|7|4|3|1|3||||0|13|2015|6|7|18|39|55.206|1|2|583|2|
23|1|206|C|11|0|14|69|3|5|3|5|6|24|6|7|7||||0|7|2015|6|7|18|55|16.762|1|1|744|3|
23|1|467|B|1|0|2|37|14|22|10|8|5|23|3|4|4||||0|7|2015|6|7|18|50|23.741|1|1|501|3|
23|1|568|C|1|0|7|35|13|33|8|12|3|24|2|2|4||||0|4|2015|6|7|18|44|59.541|1|1|462|3|
23|1|903|B|1|0|11|84|7|7|1|3|8|22|3|4|8||||0|0|2015|6|7|18|55|56.347|1|1|521|3|
23|3|39|B|1|0|21|48|7|81|7|22|1|22|12|4|6||||0|4|2015|6|7|18|52|24.06|1|1|628|3|
23|3|86|B|1|0|9|25|15|61|4|21|3|25|6|3|5||||1|7|2015|6|7|18|48|22.433|1|1|507|3|
24|2|1582|B|1|0|11|53|47|4|8|1|5|2|1|1|0|0|||0|11|2015|6|7|18|35|38.146|1|2|172|2|
24|3|1678|B|1|0|35|68|1|1|0|0|0|0|0|0|0|0|||0|3|2015|6|7|18|46|42.316|1|2|154|2|
24|4|368|B|1|0|78|47|7|1|3|3|3|6|4|10|0|0|||0|4|2015|6|7|18|51|48.41|1|2|221|2|
24|6|1057|C|1|0|76|31|71|46|9|5|6|19|3|6|1|8|||1|10|2015|6|7|18|52|13.121|1|1|637|2|
27|2|736|B|1|0|0|230|231|39|2|0|1|4|1|2||2|||0|11|2015|6|7|18|47|57.014|1|2|708|3|
27|2|771|E|1|0|0|31|59|9|0|0|3|1|1|0||1|||0|4|2015|6|7|18|54|29.759|1|2|133|3|
28|1|717|B|1|0|84|162|0|1|0|0|5|1|0|0|||0||0|8|2015|6|7|18|28|38.171|1|2|486|2|
28|1|764|B|1|0|40|103|2|5|1|0|7|4|1|1|||3||0|6|2015|6|7|18|43|12.173|1|1|538|2|
28|1|785|B|1|0|13|5|1|2|0|0|2|0|0|2|||0||0|1|2015|6|7|18|29|29.903|1|1|218|2|
28|1|847|B|1|0|65|70|5|5|2|0|1|3|0|3|||4||0|5|2015|6|7|18|39|35.462|1|1|437|2|
28|1|870|B|1|0|136|66|4|6|1|2|4|4|1|10|||0||0|4|2015|6|7|18|41|15.523|1|1|525|2|
28|1|904|B|1|0|38|52|1|5|0|2|2|1|0|2|||0||0|1|2015|6|7|18|47|10.982|1|1|523|2|
28|1|1824|B|1|0|103|95|5|6|1|3|4|3|3|8|||10||0|3|2015|6|7|18|51|9.352|1|1|683|2|
28|1|1837|B|1|0|61|63|2|10|0|1|0|6|1|0|||2||0|6|2015|6|7|18|55|28.192|1|1|452|2|
28|1|1848|C|1|0|59|53|1|9|1|0|3|1|0|5|||3||0|4|2015|6|7|18|40|15.321|1|1|458|2|
28|1|1989|C|1|0|93|78|2|10|1|2|4|2|2|4|||6||0|11|2015|6|7|18|37|6.594|1|1|511|2|
28|1|1993|C|1|0|54|59|1|5|0|0|1|5|0|1|||5||0|6|2015|6|7|18|39|4.601|1|1|426|2|
28|1|1995|C|1|0|53|75|2|7|3|0|0|5|1|2|||7||0|4|2015|6|7|18|32|52.409|1|1|448|2|
28|2|1780|B|1|0|49|53|3|17|2|15|6|15|4|11|||||0|1|2015|6|7|18|38|22.93|1|1|463|2|
28|2|1794|B|1|0|37|47|10|12|2|3|27|1|4|6|||||0|13|2015|6|7|18|43|25.372|1|1|513|2|
28|3|114|B|1|0|7|154|1|0|0|0|0|1|0|0|||||0|4|2015|6|7|18|53|26.064|1|2|478|2|
28|3|694|C|3|0|51|104|3|8|0|1|3|7|4|6|||||2|6|2015|6|7|18|49|38.205|1|2|697|2|
28|3|1018|C|1|0|63|68|4|12|5|11|9|22|7|22|||||0|8|2015|6|7|18|51|56.658|1|2|741|2|
28|3|1145|C|11|0|42|304|6|12|3|4|8|12|5|39|||||0|10|2015|6|7|18|47|49.037|1|2|742|2|
28|3|1242|B|1|0|43|147|3|2|1|0|2|17|0|7|||||0|13|2015|6|7|18|49|19.582|1|1|480|2|
28|3|1745|B|1|0|54|79|4|10|7|6|19|9|3|9|||||1|11|2015|6|7|18|55|38.942|1|1|485|2|
28|3|1857|B|1|0|54|61|6|35|1|11|11|13|10|10|||||0|13|2015|6|7|18|52|49.072|1|1|582|2|
28|3|1870|B|1|0|47|77|11|15|5|2|6|17|8|12|||||0|16|2015|6|7|18|56|48.294|1|1|622|2|
28|3|1892|B|1|0|61|54|4|15|1|5|9|14|6|5|||||0|10|2015|6|7|18|43|38.603|1|1|486|2|
28|3|1946|B|1|0|28|67|11|8|0|8|10|12|5|10|||||0|9|2015|6|7|18|55|59.457|1|1|450|2|
28|4|544|C|1|0|69|101|1|6|0|2|2|2|1|8|||13||0|14|2015|6|7|18|49|49.461|1|1|542|2|
28|4|600|C|4|0|114|105|4|18|3|3|7|16|4|8|||22||1|7|2015|6|7|18|55|25.358|1|1|666|2|
28|4|669|C|9|0|99|113|2|10|0|2|5|7|2|6|||23||0|14|2015|6|7|18|56|10.346|1|1|747|2|
28|8|1337|C|1|0|86|78|8|19|1|10|7|7|3|12|||||0|15|2015|6|7|18|53|40.434|1|1|574|2|
29|2|352|C|1|0|79|54|23|4|3|0|1|14|3|1|||||0|6|2015|6|7|18|56|13.432|1|1|620|4|
29|3|229|B|1|0|2|15|2|10|0|1|4|3|0|0|||0||0|0|2015|6|7|18|53|57.945|1|2|122|4|
29|3|238|B|1|0|9|67|4|9|32|5|7|5|0|0|||0||0|2|2015|6|7|18|43|44.036|1|2|280|4|
29|3|332|B|1|0|22|10|6|2|1|4|4|7|0|4|||1||0|2|2015|6|7|18|56|14.989|1|1|340|4|
29|3|333|B|1|0|36|49|16|5|5|4|22|30|4|7|||8||0|19|2015|6|7|18|54|3.667|1|1|610|4|
30|1|2886|B|1|0|15|25|8|62|1|0|6|1|0|1|1||||0|5|2015|6|7|18|39|58.809|1|2|266|3|
30|1|2889|E|1|0|17|54|3|13|2|0|0|2|0|0|3||||0|1|2015|6|7|18|48|17.657|1|2|158|3|
30|1|3223|C|1|0|49|44|2|12|0|3|1|12|2|4|1||||0|7|2015|6|7|18|44|33.474|1|1|416|3|
30|1|3728|B|1|0|22|97|42|14|2|0|2|1|2|3|0||||0|11|2015|6|7|18|49|25.301|1|2|312|3|
30|3|113|B|1|0|46|62|3|5|3|7|2|20|3|2|2||||0|6|2015|6|7|18|54|3.539|1|1|379|3|
30|3|4159|B|1|0|36|72|6|32|4|1|5|21|1|1|14||||0|7|2015|6|7|18|49|8.735|2|2|509|3|
30|7|431|B|1|0|98|48|6|4|3|2|4|20|1|1|5||||0|5|2015|6|7|18|36|34.685|1|2|354|3|
30|7|432|B|1|0|128|84|15|37|4|1|5|5|1|5|10||||0|5|2015|6|7|18|51|9.237|1|2|472|3|
30|7|2539|C|2|0|63|37|37|31|8|6|4|49|7|3|12||||4|15|2015|6|7|18|47|5.204|1|2|557|3|
30|7|2545|C|1|0|137|52|14|24|16|0|1|19|2|2|6||||0|12|2015|6|7|18|53|6.136|1|2|502|3|
30|8|2095|C|2|0|47|79|14|19|7|6|7|27|4|9|3|0|||3|27|2015|6|7|18|56|5.628|1|2|709|3|
30|8|4176|B|1|0|20|49|4|16|3|177|1|16|0|0|2|0|||7|14|2015|6|7|18|55|58.866|1|2|552|3|
30|9|752|B|1|0|31|20|11|8|8|14|5|31|2|10|2||||0|11|2015|6|7|18|41|21.701|1|2|444|3|
30|9|3749|C|1|0|31|60|20|17|7|7|7|62|4|5|1||||1|16|2015|6|7|18|53|46.24|1|2|583|3|
30|9|4507|C|1|0|12|67|35|3|4|5|7|28|0|2|3||||0|8|2015|6|7|18|30|44.325|1|2|633|3|
30|12|4220|B|1|0|74|33|16|12|5|10|8|40|3|6|4||||0|13|2015|6|7|18|42|30.437|1|1|479|3|
30|12|4406|B|1|0|113|34|7|6|11|7|3|35|5|4|5||||0|19|2015|6|7|18|37|17.407|1|1|538|3|
30|12|4780|C|1|0|58|32|6|6|8|16|4|29|10|6|3||||2|18|2015|6|7|18|54|14.166|1|1|384|3|
30|13|408|C|2|0|68|42|5|9|1|16|2|29|1|1|1||||2|12|2015|6|7|18|53|51.739|1|2|596|3|
30|17|271|C|1|0|30|61|1|10|1|1|3|6|1|1|3||||0|9|2015|6|7|18|56|42.066|1|2|504|3|
30|17|1110|B|1|0|29|46|18|21|7|1|5|28|1|6|0||||0|14|2015|6|7|18|55|2.566|1|1|394|3|
30|17|1263|B|1|0|76|62|2|7|0|0|3|16|1|3|1||||0|9|2015|6|7|18|42|30.599|1|2|409|3|
30|17|2392|E|2|0|87|24|8|10|9|15|10|41|10|3|2||||1|23|2015|6|7|18|43|30.204|1|2|725|3|
30|17|3897|B|1|0|106|92|5|8|2|1|4|7|1|2|4||||0|10|2015|6|7|18|48|8.991|1|2|543|3|
30|18|3281|B|1|0|70|36|39|16|6|14|7|39|4|14|2||||0|29|2015|6|7|18|52|0.31|1|1|652|3|
30|19|3401|B|1|0|19|131|15|18|4|0|2|2|1|2|5||||1|1|2015|6|7|18|48|57.93|1|2|461|3|
30|20|2192|B|1|0|19|98|0|5|2|0|0|7|1|4|12||||0|4|2015|6|7|18|54|8.255|1|2|415|3|
30|20|2200|B|1|0|37|106|3|18|8|52|5|10|2|0|5||||0|14|2015|6|7|18|56|38.563|1|2|547|3|
30|20|3791|C|1|0|16|106|2|11|3|1|2|23|1|2|0||||0|9|2015|6|7|18|42|51.777|1|2|549|3|
31|3|344|B|1|0|110|157|7|7|3|10|11|19|5|8|1||||0|9|2015|6|7|18|46|59.922|1|1|475|3|
31|3|475|B|1|0|100|116|5|8|2|3|3|7|2|1|11||||0|25|2015|6|7|18|50|16.791|1|1|514|3|
31|3|625|C|8|0|83|192|4|10|1|4|2|3|0|4|3||||0|8|2015|6|7|18|34|30.228|1|1|707|3|
32|1|318|B|1|0|5|140|7|10|163|1|2|4|3|6|3|9|||0|9|2015|6|7|18|53|48.995|1|2|600|2|
32|3|98|B|1|0|2|55|38|19|6|0|0|0|1|0|0||||0|0|2015|6|7|18|38|38.529|1|2|227|2|
32|3|824|B|1|0|3|22|38|2|9|0|0|1|0|0|1||||0|3|2015|6|7|18|46|4.941|1|2|229|2|
32|3|949|B|1|0|9|57|27|16|15|13|6|16|7|7|1||||0|13|2015|6|7|18|56|29.252|1|2|413|2|
32|3|1619|B|1|0|2|48|60|0|0|0|1|0|1|1|0||||0|5|2015|6|7|18|52|56.032|1|2|222|2|
32|3|1851|B|1|0|28|59|25|19|19|10|12|41|15|22|1||||0|25|2015|6|7|18|53|17.808|1|1|602|2|
32|4|461|B|1|0|8|54|12|50|33|4|9|42|15|15|2||||0|27|2015|6|7|18|56|39.048|1|1|672|2|
32|4|530|B|1|0|5|95|142|8|15|5|5|14|4|8|1||||1|7|2015|6|7|18|55|44.148|1|2|744|2|
32|4|774|B|1|0|2|24|4|12|20|5|4|89|3|3|1||||0|10|2015|6|7|18|25|9.863|1|1|382|2|
32|4|1025|C|1|0|3|108|12|3|13|2|3|29|2|2|0||||0|6|2015|6|7|18|52|29.583|1|1|415|2|
32|4|1043|C|1|0|19|38|44|11|53|1|4|14|1|2|1||||0|7|2015|6|7|18|52|37.646|1|1|597|2|
