827
ID_ESTADO|ID_DISTRITO_FEDERAL|SECCION|TIPO_CASILLA|ID_CASILLA|EXT_CONTIGUA|TIPO_SECCION|LISTA_NOMINAL|ID_MUNICIPIO|ID_DIST_LOC|ID_ESTRATO_F|ESTRATO_F|ID_ESTRATO_L|ESTRATO_L|ID_AREA_RESPONSABILIDAD|PAN|PRI|PRD|PT|PVEM|MC|MORENA|PES|RSP|FPM|PAN_PRI_PRD|PAN_PRI|PAN_PRD|PRI_PRD|PVEM_PT_MORENA|PVEM_PT|PVEM_MORENA|PT_MORENA|CI1|CNR|NULOS|TOTAL|ANIO|MES|DIA|HORA|MINUTOS|SEGUNDOS|ORIGEN_CAPTURA|MODIFICADO
1|1|365|B|1|0|3|364|3|8|0|E0|0||16|72|15|5|6|18|5|52|2|2|6|0|0|0|0|0|0|0|0|0|0|3|186|2021|6|6|19|20|11|1|N
1|1|367|B|1|0|2|599|3|8|0|E0|0||16|122|34|3|6|12|11|99|4|3|26|0|0|0|0|0|0|0|0|0|0|15|335|2021|6|6|18|56|1|1|N
1|1|410|E|1|1|2|485|5|7|0|E0|0||41|143|30|0|1|5|6|32|3|6|6|0|0|0|0|0|0|0|0|0|0|8|240|2021|6|6|19|31|30|1|N
1|1|432|B|1|0|1|649|7|1|0|E0|0||100|62|31|5|15|30|52|67|6|2|7|6|0|0|0|0|0|0|0|0|0|13|296|2021|6|6|19|31|31|1|N
1|2|105|B|1|0|1|583|1|11|0|E0|0||55|120|25|17|5|5|6|81|5|0|2|0|0|0|0|0|0|0|0|0|0|9|275|2021|6|6|19|23|10|1|N
1|2|114|B|1|0|1|444|1|13|0|E0|0||58|132|17|2|1|6|12|69|4|1|11|0|0|0|0|0|0|0|1|0|0|10|266|2021|6|6|18|38|47|1|N
1|2|118|C|4|0|1|649|1|13|0|E0|0||64|159|23|5|6|6|9|99|4|2|8|0|0|0|0|0|0|0|0|0|0|7|328|2021|6|6|19|23|31|1|N
1|2|153|B|1|0|1|491|1|15|0|E0|0||103|117|23|2|5|7|14|99|2|1|6|0|0|0|0|0|0|0|0|0|2|11|289|2021|6|6|19|14|25|1|N
1|2|155|E|1|8|1|719|1|15|0|E0|0||130|105|23|7|2|8|11|78|4|5|2|0|0|0|0|0|0|0|0|0|0|6|251|2021|6|6|19|32|58|1|N
1|2|563|C|1|0|1|440|1|15|0|E0|0||86|89|12|4|1|4|10|44|2|1|0|0|0|0|0|0|0|0|0|0|0|9|176|2021|6|6|19|8|51|1|N
1|2|569|B|1|0|1|390|1|15|0|E0|0||88|58|16|4|2|9|8|62|6|1|3|0|0|0|0|73|64|71|11|0|0|8|396|2021|6|6|18|35|46|1|N
1|2|589|C|7|0|2|689|1|16|0|E0|0||93|84|16|8|13|2|4|45|6|6|3|0|0|0|0|0|0|0|1|0|0|4|192|2021|6|6|18|58|6|1|N
1|2|611|C|2|0|1|631|1|12|0|E0|0||21|68|10|10|1|3|11|61|7|0|4|0|0|0|0|0|0|0|0|0|0|8|183|2021|6|6|19|31|47|1|N
1|3|2|B|1|0|1|457|1|6|0|E0|0||12|189|23|2|1|2|7|28|0|0|4|0|0|0|0|0|0|0|0|0|0|3|259|2021|6|6|19|0|33|1|N
1|3|13|C|1|0|1|397|1|6|0|E0|0||19|152|20|1|1|4|9|49|2|1|7|0|0|0|0|0|0|0|1|0|1|4|252|2021|6|6|18|45|10|1|N
1|3|33|B|1|0|1|402|1|10|0|E0|0||35|102|16|0|2|3|11|52|4|1|2|0|0|0|0|0|0|0|0|0|1|8|202|2021|6|6|18|59|12|1|N
1|3|37|C|1|0|1|524|1|10|0|E0|0||41|198|19|3|2|4|7|56|1|2|2|0|0|0|0|0|0|0|0|0|0|10|304|2021|6|6|19|22|0|1|N
1|3|229|B|1|0|1|381|1|17|0|E0|0||89|97|10|1|0|9|11|64|6|2|2|0|0|0|0|0|0|0|1|0|1|10|214|2021|6|6|19|8|55|1|N
1|3|279|B|1|0|1|609|1|10|0|E0|0||46|324|30|5|1|4|8|56|5|1|2|0|0|0|0|0|0|0|0|0|1|7|444|2021|6|6|19|5|54|1|N
1|3|297|C|1|0|1|420|1|17|0|E0|0||67|100|21|7|6|7|11|32|2|1|6|0|0|0|0|1|0|0|0|0|0|3|197|2021|6|6|19|2|16|1|N
5|1|623|C|2|0|1|739|25|2|0|E0|0||103|64|113|1|52|13|9|130|3|3|2|0|0|0|0|0|0|0|0|0|0|2|392|2021|6|6|19|9|15|1|N
5|1|1065|B|1|0|1|445|32|3|0|E0|0||134|27|99|1|3|1|6|103|0|1|0|0|0|0|0|0|0|0|0|0|0|9|250|2021|6|6|19|5|30|1|N
5|1|1683|C|1|0|2|523|2|1|0|E0|0||40|6|75|1|7|35|2|114|0|2|3|0|0|0|0|1|0|0|0|0|1|5|252|2021|6|6|18|51|53|1|N
5|2|90|C|2|0|1|681|6|6|0|E0|0||41|23|136|5|2|3|4|222|5|1|0|0|0|0|0|0|0|0|0|0|0|3|404|2021|6|6|18|49|54|1|N
5|2|126|B|1|0|3|139|7|4|0|E0|0||48|41|31|2|0|0|0|15|0|0|4|0|0|0|0|0|0|0|0|0|0|0|93|2021|6|6|18|51|43|1|N
5|2|165|B|1|0|3|711|9|7|0|E0|0||92|9|174|24|3|2|3|217|1|0|3|0|0|0|0|0|0|0|0|0|1|5|442|2021|6|6|19|29|28|1|N
5|2|256|B|1|0|2|431|16|4|0|E0|0||57|108|174|1|1|0|5|79|0|2|0|0|0|0|0|0|0|0|0|0|0|8|378|2021|6|6|19|17|12|1|N
5|2|459|C|1|0|1|560|20|3|0|E0|0||14|17|115|1|1|5|11|161|2|0|0|0|0|0|0|0|0|0|0|0|0|6|319|2021|6|6|19|14|33|1|N
5|2|464|C|1|0|1|500|20|3|0|E0|0||19|10|145|1|8|3|3|121|0|0|2|0|0|0|0|0|0|0|0|0|0|4|297|2021|6|6|19|7|43|1|N
5|2|467|C|1|0|1|555|20|3|0|E0|0||17|9|125|1|2|4|6|183|1|2|0|0|0|0|0|0|0|0|0|0|0|7|340|2021|6|6|19|2|15|1|N
5|2|502|C|1|0|1|405|21|4|0|E0|0||60|75|108|0|1|0|3|96|1|1|0|0|0|0|0|0|0|0|0|0|0|5|290|2021|6|6|18|55|4|1|N
5|2|652|C|7|0|1|673|27|12|0|E0|0||89|26|160|4|4|16|2|100|1|1|5|0|0|0|0|0|0|0|0|0|0|8|327|2021|6|6|19|29|59|1|N
5|2|661|C|3|0|1|635|27|12|0|E0|0||83|11|170|4|0|20|4|119|0|2|3|0|0|0|0|0|0|0|0|0|0|8|341|2021|6|6|19|23|27|1|N
5|2|1040|C|2|0|1|522|31|4|0|E0|0||50|17|110|1|4|9|12|134|6|2|4|0|0|0|0|0|0|0|0|0|0|8|307|2021|6|6|18|59|34|1|N
5|2|1151|C|1|0|3|392|33|4|0|E0|0||121|35|94|1|1|98|1|62|0|0|3|0|0|0|0|0|0|0|0|0|0|11|306|2021|6|6|19|12|53|1|N
5|3|43|B|1|0|1|544|3|5|0|E0|0||6|37|120|2|2|0|3|154|0|3|0|0|0|0|0|0|0|0|0|0|0|8|329|2021|6|6|19|19|32|1|N
5|3|44|C|1|0|1|553|3|5|0|E0|0||6|42|131|0|0|1|8|120|0|1|5|0|0|0|0|0|0|0|0|0|0|13|321|2021|6|6|19|18|31|1|N
5|3|205|B|1|0|1|638|10|6|0|E0|0||56|113|177|4|2|3|4|92|3|1|24|0|0|0|0|0|0|0|0|0|0|5|428|2021|6|6|19|29|14|1|N
5|3|321|C|1|0|1|678|18|5|0|E0|0||68|124|73|3|4|0|5|100|6|2|28|0|0|0|0|0|0|0|1|0|0|4|350|2021|6|6|18|54|22|1|N
5|3|338|C|1|0|1|540|18|5|0|E0|0||83|63|105|0|2|3|3|79|1|1|18|0|0|0|0|0|0|0|1|0|0|9|285|2021|6|6|18|58|36|1|N
5|3|343|B|1|0|1|632|18|5|0|E0|0||87|124|80|4|3|3|8|114|2|3|12|0|0|0|0|0|0|0|0|0|0|3|356|2021|6|6|18|55|29|1|N
5|3|360|B|1|0|1|608|18|5|0|E0|0||95|78|128|2|2|1|7|112|0|2|24|0|0|0|0|0|0|0|0|0|0|18|374|2021|6|6|19|30|51|1|N
5|3|362|C|1|0|1|643|18|5|0|E0|0||99|116|99|3|1|2|6|76|0|1|23|0|0|0|0|0|0|0|0|0|0|3|330|2021|6|6|18|56|14|1|N
5|3|384|B|1|0|1|510|18|6|0|E0|0||119|90|96|3|3|5|2|73|1|0|23|0|0|0|0|0|0|0|0|0|0|8|304|2021|6|6|18|55|32|1|N
5|3|423|B|1|0|1|328|18|6|0|E0|0||135|39|77|3|0|1|2|68|2|9|4|0|0|0|0|0|0|0|0|0|0|4|209|2021|6|6|19|21|28|1|N
5|3|430|B|1|0|1|574|18|6|0|E0|0||134|53|99|2|2|1|3|110|2|0|27|0|0|0|0|1|0|0|1|0|0|4|305|2021|6|6|18|48|11|1|N
5|3|430|C|2|0|1|573|18|6|0|E0|0||134|50|94|2|0|0|2|96|1|1|19|0|0|0|0|0|0|0|0|0|0|9|274|2021|6|6|18|44|44|1|N
5|3|717|C|1|0|2|375|28|3|0|E0|0||14|53|70|0|1|1|16|59|3|0|13|0|0|0|0|0|0|0|0|0|0|3|219|2021|6|6|18|57|24|1|N
5|3|720|C|1|0|2|477|28|3|0|E0|0||15|47|94|2|2|2|21|92|1|1|3|0|0|0|0|0|0|0|0|0|0|4|269|2021|6|6|19|33|58|1|N
5|4|755|C|11|0|1|717|30|14|0|E0|0||49|33|132|4|1|11|3|121|1|1|2|0|0|0|0|0|0|1|0|0|0|4|314|2021|6|6|19|11|8|1|N
5|4|899|C|1|0|1|417|30|15|0|E0|0||63|31|124|1|2|5|9|88|0|1|4|0|0|0|0|0|0|0|0|0|0|5|270|2021|6|6|19|6|52|1|N
5|4|949|C|2|0|1|736|30|15|0|E0|0||107|30|126|2|3|6|4|139|5|0|4|0|0|0|0|0|0|1|1|0|0|12|333|2021|6|6|19|7|21|1|N
5|4|980|C|1|0|1|675|30|16|0|E0|0||78|18|139|5|2|9|6|126|4|1|2|0|0|0|0|0|0|0|0|0|0|4|316|2021|6|6|19|23|16|1|N
5|4|980|C|2|0|1|675|30|16|0|E0|0||78|16|158|2|3|7|5|121|2|0|0|0|0|0|0|0|0|0|0|0|0|9|323|2021|6|6|19|14|18|1|N
5|4|1633|B|1|0|1|579|30|14|0|E0|0||130|10|104|4|2|24|7|78|1|0|0|0|0|0|0|0|0|0|0|0|0|0|230|2021|6|6|19|6|25|1|N
5|5|1320|C|2|0|1|690|35|11|0|E0|0||106|107|103|3|0|2|6|157|0|3|6|0|0|0|0|0|0|1|0|0|0|2|390|2021|6|6|18|39|56|1|N
5|5|1340|C|1|0|1|509|35|9|0|E0|0||126|63|114|2|2|4|4|119|1|2|2|0|0|0|0|0|0|0|0|0|0|1|314|2021|6|6|19|6|36|1|N
5|5|1348|C|1|0|1|627|35|11|0|E0|0||118|63|126|4|4|6|5|139|1|1|3|0|0|0|0|0|0|0|0|0|3|6|361|2021|6|6|19|13|52|1|N
5|5|1412|C|1|0|1|517|35|10|0|E0|0||87|63|111|0|1|4|3|97|1|0|6|0|0|0|0|0|0|0|0|0|0|4|290|2021|6|6|19|29|5|1|N
5|6|1310|C|6|0|1|732|35|8|0|E0|0||35|48|130|1|2|3|7|151|3|2|5|0|0|0|0|1|0|0|0|0|0|6|359|2021|6|6|19|4|35|1|N
5|6|1353|C|1|0|1|583|35|11|0|E0|0||56|80|105|2|2|7|3|104|3|1|2|0|0|0|0|0|0|0|0|0|0|8|317|2021|6|6|19|33|1|1|N
5|6|1485|C|1|0|2|421|36|7|0|E0|0||123|1|122|3|10|2|2|117|0|0|9|0|0|0|0|0|0|0|0|0|0|5|271|2021|6|6|19|12|33|1|N
5|6|1732|C|1|0|1|628|35|8|0|E0|0||45|40|129|1|2|2|3|116|2|3|1|0|0|0|0|0|0|0|0|0|0|9|308|2021|6|6|19|15|15|1|N
5|6|1745|C|3|0|1|612|35|11|0|E0|0||90|27|105|1|0|1|1|126|1|0|4|0|0|0|0|0|0|0|0|0|0|2|268|2021|6|6|18|53|50|1|N
5|7|551|B|1|0|1|397|24|12|0|E0|0||128|12|105|10|7|4|24|86|3|5|4|0|0|0|0|0|0|0|0|0|0|8|268|2021|6|6|18|57|37|1|N
5|7|747|C|1|0|1|574|30|13|0|E0|0||9|13|117|5|4|9|2|116|3|2|4|0|0|0|0|0|0|0|0|0|0|9|284|2021|6|6|19|18|14|1|N
5|7|795|B|1|0|1|654|30|13|0|E0|0||26|37|153|4|1|8|6|135|0|6|4|0|0|0|0|0|0|0|0|0|0|7|361|2021|6|6|19|14|25|1|N
5|7|850|C|1|0|1|660|30|13|0|E0|0||38|17|173|3|0|7|10|180|1|2|4|0|0|0|0|0|0|0|0|0|0|10|407|2021|6|6|19|32|20|1|N
5|7|853|C|2|0|1|724|30|13|0|E0|0||40|14|161|10|3|9|7|150|6|1|3|0|0|0|0|0|0|0|0|0|0|9|373|2021|6|6|19|10|2|1|N
5|7|894|B|1|0|1|660|30|13|0|E0|0||49|17|210|6|1|7|3|134|1|2|2|0|0|0|0|0|0|0|0|0|0|6|389|2021|6|6|19|26|55|1|N
5|7|970|C|3|0|1|742|30|16|0|E0|0||72|19|156|22|2|5|8|116|3|0|3|0|0|0|0|0|0|0|0|0|0|10|344|2021|6|6|19|18|17|1|N
5|7|1024|B|1|0|3|128|30|16|0|E0|0||123|1|49|12|0|2|1|12|1|0|0|0|0|0|0|0|0|0|0|0|0|2|80|2021|6|6|18|46|2|1|N
5|7|1657|C|1|0|1|459|30|16|0|E0|0||87|54|116|3|0|1|11|90|3|0|3|0|0|0|0|0|0|0|0|0|0|1|282|2021|6|6|19|26|56|1|N
5|7|1676|C|6|0|1|657|30|16|0|E0|0||100|4|104|9|1|3|4|88|3|1|0|0|0|0|0|0|0|0|0|0|0|2|219|2021|6|6|18|37|8|1|N
6|1|56|B|1|0|1|435|1|2|0|E0|0||15|50|56|4|9|39|49|54|3|1|5|4|1|0|0|0|0|0|0|0|0|4|279|2021|6|6|19|21|29|1|N
6|1|100|E|1|0|3|159|2|4|0|E0|0||64|23|16|1|1|31|7|31|3|0|3|2|1|0|0|0|0|0|0|0|0|3|122|2021|6|6|19|4|5|1|N
6|2|223|E|1|0|3|128|8|14|0|E0|0||14|5|12|0|3|17|5|34|5|0|1|0|0|0|0|0|0|0|0|0|0|2|84|2021|6|6|19|24|6|1|N
7|4|2090|C|1|0|3|479|78|2|0|E0|0||105|40|17|2|4|179|6|92|17|2|4|5|0|0|0|0|0|0|0|0|1|15|384|2021|6|6|19|19|15|1|N
7|5|352|C|1|0|3|598|23|22|0|E0|0||21|1|91|10|7|39|4|191|20|10|2|0|0|0|0|0|0|0|0|0|0|16|391|2021|6|6|19|12|27|1|N
7|5|373|C|1|0|3|411|23|22|0|E0|0||25|0|103|2|13|34|2|64|11|10|0|0|0|0|0|0|0|0|0|0|0|12|251|2021|6|6|19|23|38|1|N
7|5|1131|C|4|0|1|636|77|5|0|E0|0||61|22|40|8|24|42|22|95|17|18|11|3|0|0|0|1|0|0|0|0|1|34|338|2021|6|6|19|3|59|1|N
7|6|414|B|1|0|3|510|27|3|0|E0|0||32|1|29|1|10|218|5|127|3|7|0|0|0|0|0|0|0|1|0|0|0|15|417|2021|6|6|19|20|48|1|N
7|6|893|C|4|0|1|607|61|14|0|E0|0||56|12|15|17|7|89|15|225|19|9|7|0|0|0|0|1|1|0|0|0|0|20|437|2021|6|6|19|9|1|1|N
7|6|1638|E|1|1|1|583|102|2|0|E0|0||83|27|19|2|7|7|17|77|7|5|5|0|0|0|0|0|0|0|0|0|0|12|185|2021|6|6|19|6|29|1|N
7|7|22|C|1|0|2|691|3|18|0|E0|0||84|20|17|3|41|78|11|180|39|31|5|1|0|0|0|0|0|0|0|0|0|15|441|2021|6|6|19|17|9|1|N
7|7|500|E|1|0|3|104|32|18|0|E0|0||99|0|17|1|7|18|1|14|8|0|0|0|0|0|0|0|0|0|0|0|0|2|68|2021|6|6|18|48|47|1|N
7|8|259|C|2|0|1|613|19|6|0|E0|0||25|12|34|3|36|8|20|85|18|9|16|4|0|0|0|0|0|0|1|0|0|21|267|2021|6|6|19|33|2|1|N
7|8|272|B|1|0|3|521|19|6|0|E0|0||31|5|111|5|23|11|14|20|24|5|4|0|0|0|0|0|1|0|0|0|0|51|274|2021|6|6|19|30|27|1|N
7|8|284|C|1|0|3|625|19|6|0|E0|0||37|12|108|4|35|12|14|81|22|7|24|2|2|0|0|0|0|0|0|0|0|21|344|2021|6|6|19|29|35|1|N
7|9|1664|B|1|0|1|526|102|1|0|E0|0||69|24|25|2|3|3|17|113|3|12|8|4|1|0|0|1|0|1|1|0|1|7|226|2021|6|6|19|30|0|1|N
7|9|1727|B|1|0|1|624|102|13|0|E0|0||114|20|26|0|8|3|34|113|5|10|3|1|0|0|0|0|0|0|0|0|0|15|238|2021|6|6|19|24|19|1|N
7|10|640|C|1|0|1|741|46|14|0|E0|0||92|10|25|2|84|90|15|230|12|1|2|0|0|0|0|0|0|0|0|0|0|15|486|2021|6|6|19|23|41|1|N
7|10|1839|C|1|0|2|532|108|23|0|E0|0||41|6|16|2|8|143|13|106|32|7|3|0|0|0|0|0|0|0|0|0|0|28|364|2021|6|6|19|27|33|1|N
7|10|1866|B|1|0|2|556|109|15|0|E0|0||59|10|9|0|19|146|6|147|12|1|1|1|0|0|0|1|0|3|1|0|0|17|374|2021|6|6|19|29|49|1|N
7|11|604|E|1|0|3|501|41|10|0|E0|0||28|0|3|4|1|2|4|285|8|1|2|0|0|0|0|0|0|0|1|0|0|19|330|2021|6|6|19|23|57|1|N
7|11|724|E|3|0|3|77|52|20|0|E0|0||8|0|0|0|2|26|0|2|33|0|0|0|0|0|0|0|0|0|0|0|0|2|65|2021|6|6|19|26|28|1|N
7|11|725|B|1|0|3|744|52|20|0|E0|0||47|1|1|5|8|2|5|176|190|5|0|0|0|0|0|0|0|0|0|0|0|13|406|2021|6|6|19|23|11|1|N
7|11|735|E|1|0|3|569|52|20|0|E0|0||51|4|29|16|127|13|6|100|115|8|2|1|2|0|0|0|1|0|0|0|0|30|454|2021|6|6|19|28|52|1|N
7|11|750|B|1|0|3|349|52|20|0|E0|0||65|1|2|1|68|2|0|178|19|0|0|0|0|1|0|0|0|0|0|0|0|0|272|2021|6|6|19|25|24|1|N
7|11|757|E|1|0|3|182|114|20|0|E0|0||83|4|19|2|19|11|3|50|9|1|1|0|0|0|0|0|0|0|0|0|0|34|153|2021|6|6|19|5|14|1|N
7|13|765|B|1|0|1|597|54|16|0|E0|0||129|21|33|5|48|67|5|161|25|11|14|0|0|0|1|1|0|1|0|0|0|4|397|2021|6|6|19|27|51|1|N
9|2|1103|C|1|0|1|426|5|2|0|E0|0||41|113|54|6|3|6|13|63|4|2|4|4|1|0|0|1|0|0|1|0|0|3|278|2021|6|6|19|22|9|1|N
9|2|1179|C|1|0|1|651|5|6|0|E0|0||8|72|57|40|6|2|10|118|3|1|4|3|2|0|0|0|0|0|1|0|0|6|325|2021|6|6|19|9|48|1|N
9|2|1211|C|1|0|1|458|5|6|0|E0|0||2|50|48|16|6|4|5|85|5|3|10|1|1|0|1|3|0|0|1|0|0|9|248|2021|6|6|19|24|36|1|N
9|2|1218|B|1|0|1|664|5|4|0|E0|0||109|66|54|18|9|8|14|150|4|3|7|2|2|0|1|1|0|0|0|0|1|5|345|2021|6|6|19|29|59|1|N
9|2|1235|B|1|0|1|594|5|4|0|E0|0||134|34|35|33|9|8|10|119|3|2|9|1|0|0|0|2|0|0|2|0|0|8|275|2021|6|6|18|57|7|1|N
9|2|1249|B|1|0|1|639|5|4|0|E0|0||119|91|52|16|21|4|18|135|6|1|12|4|0|0|0|0|0|0|2|0|0|9|371|2021|6|6|19|9|44|1|N
9|2|1284|C|1|0|1|458|5|4|0|E0|0||159|18|28|42|3|5|5|103|4|3|5|0|0|0|0|0|0|0|1|0|0|9|226|2021|6|6|19|20|38|1|N
9|3|93|B|1|0|1|454|2|5|0|E0|0||69|52|48|3|4|4|6|78|3|4|23|0|0|2|1|0|0|0|2|0|0|7|237|2021|6|6|19|4|48|1|N
9|3|252|B|1|0|1|579|2|3|0|E0|0||166|30|32|7|5|7|8|132|9|1|16|1|0|0|0|1|0|0|1|0|1|6|257|2021|6|6|19|28|6|1|N
9|3|307|B|1|0|1|428|2|3|0|E0|0||125|69|33|5|4|41|9|88|4|2|15|2|0|0|0|1|0|0|2|0|1|10|286|2021|6|6|19|20|31|1|N
9|4|2910|C|1|0|1|511|7|31|0|E0|0||97|24|27|2|4|13|6|101|10|2|7|2|0|0|0|1|0|0|2|0|0|4|205|2021|6|6|19|20|19|1|N
9|4|2918|B|1|0|1|612|7|31|0|E0|0||97|43|29|4|11|11|7|128|7|1|10|1|0|0|0|0|0|1|2|0|0|7|262|2021|6|6|19|9|31|1|N
9|6|2985|C|1|0|1|541|8|33|0|E0|0||68|44|44|13|7|11|10|116|9|2|14|2|0|0|0|0|0|0|0|0|0|11|283|2021|6|6|19|28|3|1|N
9|6|2988|C|1|0|1|682|8|33|0|E0|0||72|49|105|4|12|11|9|150|10|2|10|4|0|0|0|0|0|0|0|0|0|16|382|2021|6|6|19|18|26|1|N
9|6|3111|C|1|0|1|518|8|33|0|E0|0||132|55|87|8|10|9|12|114|6|4|6|3|1|1|0|0|0|0|0|0|0|14|330|2021|6|6|19|24|5|1|N
9|6|3469|C|1|0|1|417|10|23|0|E0|0||48|165|42|7|7|2|2|50|0|5|3|6|0|1|0|0|0|0|0|0|0|10|300|2021|6|6|19|31|11|1|N
9|6|3472|C|1|0|1|443|10|23|0|E0|0||41|175|45|10|2|6|3|52|0|0|3|5|0|0|0|0|0|0|0|0|0|4|305|2021|6|6|19|16|46|1|N
9|6|3504|B|1|0|1|478|10|23|0|E0|0||31|256|46|10|0|1|6|22|1|0|1|6|2|0|0|0|0|0|0|0|0|2|353|2021|6|6|19|15|44|1|N
9|7|1171|C|1|0|1|575|5|6|0|E0|0||91|42|41|44|6|8|15|117|11|1|6|2|0|0|0|0|0|0|0|0|0|14|307|2021|6|6|19|32|32|1|N
9|7|1436|B|1|0|1|483|5|6|0|E0|0||116|19|29|21|6|7|5|119|2|2|5|1|1|0|0|0|0|0|0|0|0|5|222|2021|6|6|19|7|58|1|N
9|7|1615|C|1|0|1|523|5|6|0|E0|0||127|45|64|17|5|4|9|98|9|1|6|3|0|0|0|0|0|0|0|0|1|8|270|2021|6|6|19|16|11|1|N
9|8|4613|C|2|0|1|557|15|9|0|E0|0||13|76|70|9|6|6|19|95|9|1|2|6|0|0|0|0|0|1|1|0|0|9|310|2021|6|6|18|56|52|1|N
9|8|4666|C|1|0|1|629|15|9|0|E0|0||59|63|69|11|9|7|8|133|10|4|6|4|1|0|0|1|0|0|2|0|0|11|339|2021|6|6|19|7|39|1|N
9|8|4690|C|3|0|1|608|15|9|0|E0|0||64|28|61|7|5|6|12|83|12|4|5|2|0|0|0|1|0|0|3|0|1|12|242|2021|6|6|18|55|9|1|N
9|8|5191|C|1|0|1|578|17|10|0|E0|0||87|34|60|17|9|6|8|146|8|2|2|1|0|0|0|4|0|0|0|0|0|2|299|2021|6|6|19|9|43|1|N
9|8|5251|C|1|0|1|589|17|10|0|E0|0||98|28|45|12|7|3|13|144|8|6|1|3|1|0|0|0|2|0|4|0|0|5|282|2021|6|6|18|31|40|1|N
9|8|5255|C|1|0|1|506|17|10|0|E0|0||102|35|37|10|7|7|12|95|9|3|5|0|0|0|0|0|0|0|3|0|0|6|229|2021|6|6|18|44|55|1|N
9|9|3636|C|6|0|1|683|11|8|0|E0|0||15|34|54|17|11|11|8|134|5|3|0|1|0|0|0|0|0|0|0|0|0|13|291|2021|6|6|19|33|26|1|N
9|10|4916|B|1|0|1|389|16|13|0|E0|0||89|206|28|1|0|1|5|12|1|0|0|3|1|0|0|0|0|0|0|0|1|1|260|2021|6|6|19|2|12|1|N
9|11|5482|B|1|0|1|565|17|11|0|E0|0||104|55|50|11|11|7|8|134|5|3|9|4|3|0|0|0|0|0|0|0|0|16|316|2021|6|6|19|23|23|1|N
9|12|4584|C|1|0|1|393|15|12|0|E0|0||109|103|42|4|2|6|12|40|1|0|7|3|0|0|0|0|0|0|0|0|3|5|228|2021|6|6|19|15|38|1|N
9|14|3880|B|1|0|1|611|12|14|0|E0|0||56|73|27|4|10|12|24|100|4|4|12|2|0|1|0|0|0|0|0|0|2|17|292|2021|6|6|19|29|23|1|N
9|14|3908|C|1|0|1|610|12|14|0|E0|0||85|53|31|6|10|5|29|146|6|2|8|4|3|0|0|0|0|0|0|0|2|9|314|2021|6|6|19|13|20|1|N
9|15|4275|C|1|0|1|551|14|17|0|E0|0||15|221|26|4|3|1|12|54|1|1|4|2|0|0|0|0|0|1|0|0|0|4|334|2021|6|6|19|18|4|1|N
9|15|4316|C|2|0|1|631|14|17|0|E0|0||69|212|24|2|5|5|14|96|4|1|7|4|0|0|0|0|0|0|2|0|0|7|383|2021|6|6|19|14|31|1|N
9|15|4365|B|1|0|1|622|14|17|0|E0|0||88|291|38|10|1|2|12|49|2|3|2|8|0|0|0|0|0|0|0|0|1|3|422|2021|6|6|19|26|31|1|N
9|16|3170|B|1|0|1|560|10|18|0|E0|0||8|40|61|27|8|13|6|104|2|1|4|3|1|1|0|0|0|2|1|0|0|13|287|2021|6|6|19|15|34|1|N
9|16|3207|C|1|0|1|387|10|18|0|E0|0||21|35|25|32|2|3|11|82|2|1|2|5|0|0|0|1|0|0|0|0|0|5|206|2021|6|6|19|3|26|1|N
9|16|3293|B|1|0|1|475|10|18|0|E0|0||74|77|61|15|2|7|6|101|6|0|6|0|4|0|0|0|0|0|2|0|0|6|293|2021|6|6|18|56|11|1|N
9|16|3314|C|1|0|1|711|10|18|0|E0|0||56|80|44|25|5|6|8|160|4|3|4|8|0|0|0|1|0|0|1|0|1|9|359|2021|6|6|19|31|1|1|N
9|16|3329|B|1|0|1|506|10|18|0|E0|0||82|29|26|24|4|4|4|125|4|3|8|2|0|0|1|0|0|0|3|0|0|13|250|2021|6|6|19|9|57|1|N
9|16|3412|B|1|0|1|497|10|23|0|E0|0||105|52|33|8|4|9|13|108|9|0|7|6|0|0|0|0|0|0|0|0|1|15|265|2021|6|6|19|17|11|1|N
9|16|3420|B|1|0|1|390|10|23|0|E0|0||117|198|29|5|1|1|11|45|0|0|0|7|1|1|0|0|0|0|0|0|0|8|307|2021|6|6|19|28|5|1|N
9|17|770|C|3|0|1|583|4|20|0|E0|0||30|47|142|4|6|17|8|113|13|6|8|2|0|0|0|0|0|0|0|0|0|20|386|2021|6|6|19|32|31|1|N
9|17|789|C|1|0|1|604|4|20|0|E0|0||58|124|115|5|9|16|4|69|7|11|12|11|1|0|0|0|0|1|0|0|0|11|396|2021|6|6|19|15|37|1|N
9|17|3274|C|1|0|1|535|10|18|0|E0|0||72|26|31|37|6|5|7|98|3|1|5|3|1|1|0|1|1|1|1|0|1|13|242|2021|6|6|18|59|31|1|N
9|17|3377|C|2|0|1|720|10|20|0|E0|0||80|13|49|59|1|14|9|113|3|8|11|5|0|0|1|1|1|0|2|0|0|7|297|2021|6|6|19|31|40|1|N
9|17|3386|C|1|0|1|587|10|23|0|E0|0||106|50|37|23|7|5|6|103|7|4|9|1|1|0|0|0|0|0|2|0|0|10|265|2021|6|6|19|32|27|1|N
9|18|2005|B|1|0|1|576|7|24|0|E0|0||3|36|23|19|6|14|9|137|6|2|3|0|0|0|0|0|0|0|0|0|0|8|263|2021|6|6|19|14|30|1|N
9|18|2380|B|1|0|1|603|7|28|0|E0|0||119|66|41|4|5|7|7|136|3|2|7|3|0|1|0|0|0|0|0|0|0|14|296|2021|6|6|19|23|4|1|N
9|19|2286|C|1|0|1|694|7|22|0|E0|0||41|37|19|9|8|16|7|156|17|1|10|0|0|0|0|0|0|0|0|0|1|297|578|2021|6|6|19|18|50|1|N
9|19|2858|B|1|0|1|590|7|29|0|E0|0||126|37|18|3|5|3|10|126|3|1|8|1|1|0|0|0|0|0|0|0|0|0|216|2021|6|6|19|32|42|1|N
9|20|2199|C|1|0|1|749|7|21|0|E0|0||83|13|16|9|6|10|4|165|3|2|3|0|0|0|0|0|0|0|2|0|0|0|233|2021|6|6|18|38|48|1|N
9|20|2218|C|6|0|1|664|7|21|0|E0|0||114|16|17|19|8|6|6|134|7|1|1|0|0|0|0|3|0|0|0|0|0|5|223|2021|6|6|19|28|36|1|N
9|20|2219|C|1|0|1|663|7|21|0|E0|0||82|25|22|19|9|9|6|134|2|0|7|2|0|0|0|0|0|0|5|0|0|7|247|2021|6|6|19|20|6|1|N
9|21|3159|B|1|0|1|659|9|7|0|E0|0||123|18|75|2|19|26|3|141|11|1|10|1|1|0|0|0|0|0|0|0|0|10|318|2021|6|6|19|24|54|1|N
9|21|4157|B|1|0|1|636|13|25|0|E0|0||82|66|54|8|6|9|5|118|5|4|7|0|0|7|0|0|0|0|0|0|0|11|300|2021|6|6|19|9|35|1|N
9|21|4176|B|1|0|1|683|13|25|0|E0|0||66|42|33|5|5|12|13|182|5|7|9|0|0|0|0|0|0|0|0|0|0|8|321|2021|6|6|19|30|26|1|N
9|21|4179|C|2|0|2|580|13|25|0|E0|0||58|44|44|1|8|18|9|107|1|7|2|1|0|1|0|0|0|0|0|0|2|8|253|2021|6|6|19|31|22|1|N
9|21|4242|C|1|0|1|516|13|19|0|E0|0||26|64|29|5|11|7|8|129|3|4|5|1|1|0|1|0|0|0|0|0|0|5|273|2021|6|6|19|11|52|1|N
9|21|4244|C|1|0|1|596|13|19|0|E0|0||39|56|35|6|3|9|12|101|3|3|6|0|1|0|0|0|0|0|0|0|0|12|247|2021|6|6|18|54|1|1|N
9|21|4247|C|1|0|1|716|13|19|0|E0|0||33|36|56|0|5|8|9|125|10|8|8|1|1|0|1|0|0|0|0|0|0|10|278|2021|6|6|19|19|40|1|N
9|21|4249|C|1|0|1|686|13|19|0|E0|0||23|53|32|11|5|15|9|135|2|3|12|2|1|0|0|0|0|0|0|0|1|11|292|2021|6|6|19|22|2|1|N
9|21|4259|C|3|0|1|635|13|19|0|E0|0||41|42|21|6|4|9|4|114|3|26|2|2|1|0|0|0|0|0|0|0|0|9|243|2021|6|6|19|15|22|1|N
9|22|2566|C|1|0|1|550|7|27|0|E0|0||44|22|28|20|4|7|3|115|3|1|2|3|1|0|0|0|0|0|0|0|1|15|225|2021|6|6|19|17|34|1|N
9|22|2569|C|1|0|1|545|7|27|0|E0|0||63|24|27|10|2|8|8|158|6|2|1|0|0|1|0|0|0|0|0|0|0|9|256|2021|6|6|18|40|0|1|N
9|22|2578|C|2|0|1|506|7|27|0|E0|0||74|14|24|17|7|9|4|114|5|0|2|0|0|0|0|0|0|0|0|0|0|7|203|2021|6|6|19|30|14|1|N
9|22|2608|B|1|0|1|572|7|27|0|E0|0||57|19|21|10|1|4|10|145|8|3|2|1|0|0|1|0|0|0|0|0|0|7|232|2021|6|6|18|55|53|1|N
9|22|2718|B|1|0|1|501|7|29|0|E0|0||28|18|24|5|3|12|7|127|3|4|2|0|0|0|0|0|0|0|0|0|0|13|218|2021|6|6|19|25|5|1|N
9|22|2719|B|1|0|1|723|7|29|0|E0|0||30|15|10|13|7|12|6|146|2|8|4|0|1|1|0|0|0|0|0|0|0|6|231|2021|6|6|19|24|29|1|N
9|22|2782|C|1|0|1|603|7|29|0|E0|0||28|15|12|7|4|5|6|142|5|2|1|1|0|0|0|0|0|0|0|0|0|5|205|2021|6|6|19|5|51|1|N
9|22|2787|C|1|0|1|584|7|27|0|E0|0||83|9|15|9|5|9|4|147|5|3|4|1|0|0|1|0|0|0|0|0|0|8|220|2021|6|6|19|14|39|1|N
9|22|2811|B|1|0|1|676|7|27|0|E0|0||38|17|17|13|7|18|9|122|8|2|6|1|1|1|0|0|0|0|0|0|0|2|224|2021|6|6|19|31|56|1|N
9|22|2864|C|8|0|1|746|7|29|0|E0|0||18|19|14|11|5|9|6|107|2|0|3|3|3|3|0|0|0|0|0|0|0|10|195|2021|6|6|18|52|54|1|N
9|23|428|C|2|0|1|557|3|32|0|E0|0||55|142|52|20|6|4|8|103|1|0|8|8|1|0|0|0|0|0|1|0|0|3|357|2021|6|6|19|20|14|1|N
9|23|436|C|1|0|1|725|3|32|0|E0|0||117|44|39|61|9|9|16|164|1|3|7|0|0|2|1|0|0|0|0|0|0|9|365|2021|6|6|19|32|9|1|N
9|23|456|C|1|0|1|574|3|32|0|E0|0||143|77|34|29|23|6|14|105|4|3|7|1|1|0|0|0|0|0|2|0|1|11|318|2021|6|6|18|56|40|1|N
9|23|475|C|1|0|1|558|3|32|0|E0|0||146|126|71|13|8|9|17|88|4|3|7|4|1|0|0|0|0|1|1|0|1|8|362|2021|6|6|19|27|13|1|N
9|23|491|C|1|0|1|403|3|30|0|E0|0||45|166|34|10|6|2|6|64|2|0|0|2|1|0|0|0|0|0|0|0|0|3|296|2021|6|6|18|56|13|1|N
9|23|496|C|1|0|1|592|3|32|0|E0|0||105|22|21|33|3|9|11|120|8|1|6|3|0|1|0|0|0|0|2|0|0|16|256|2021|6|6|19|12|10|1|N
9|23|746|C|1|0|1|580|3|26|0|E0|0||16|159|54|15|4|5|14|86|2|0|4|7|0|1|1|0|0|0|0|0|0|9|361|2021|6|6|19|7|29|1|N
9|24|543|B|1|0|1|572|3|30|0|E0|0||16|263|57|9|2|2|9|60|1|0|1|5|1|0|0|0|0|0|0|0|1|1|412|2021|6|6|19|32|15|1|N
9|24|557|B|1|0|1|562|3|30|0|E0|0||29|53|20|4|5|20|7|123|4|5|8|3|0|0|0|0|0|0|0|0|0|8|260|2021|6|6|19|30|26|1|N
9|24|590|B|1|0|1|557|3|30|0|E0|0||46|174|62|9|4|3|12|87|3|2|3|8|1|1|0|0|0|0|0|0|2|7|378|2021|6|6|19|18|26|1|N
9|24|615|C|1|0|1|594|3|30|0|E0|0||70|105|48|13|9|6|9|162|3|1|5|6|0|0|1|0|0|0|0|0|0|11|379|2021|6|6|19|29|27|1|N
9|24|663|C|1|0|1|580|3|30|0|E0|0||83|92|62|6|3|12|13|130|3|1|8|4|1|0|0|0|0|0|0|0|0|9|344|2021|6|6|19|3|1|1|N
9|24|682|C|1|0|1|380|3|30|0|E0|0||37|58|36|22|2|3|8|93|5|1|3|0|0|0|0|0|0|0|0|0|0|8|239|2021|6|6|19|27|1|1|N
9|24|4134|B|1|0|1|411|13|25|0|E0|0||109|103|40|4|1|13|7|66|2|1|5|2|3|0|0|0|0|0|0|0|0|3|250|2021|6|6|19|15|7|1|N
10|1|345|C|1|0|1|719|5|4|0|E0|0||34|72|75|4|19|6|16|102|10|16|6|1|4|0|0|0|0|0|5|0|0|12|348|2021|6|6|19|23|7|1|N
10|1|351|C|2|0|1|566|5|4|0|E0|0||43|125|67|3|10|3|7|47|4|17|2|4|3|0|0|0|0|0|1|0|0|4|297|2021|6|6|18|45|20|1|N
10|1|813|B|1|0|3|424|14|15|0|E0|0||65|23|66|3|7|38|2|78|3|4|3|2|2|2|0|0|0|0|1|0|0|7|241|2021|6|6|18|56|4|1|N
10|1|813|C|1|0|3|424|14|15|0|E0|0||65|25|50|0|7|44|3|83|1|2|3|1|3|0|0|0|0|0|0|0|0|0|222|2021|6|6|18|59|35|1|N
10|1|1060|B|1|0|3|249|24|6|0|E0|0||76|9|83|1|2|0|0|21|3|3|0|0|0|0|0|0|0|0|0|0|1|3|126|2021|6|6|19|5|47|1|N
10|1|1375|B|1|0|1|623|39|15|0|E0|0||137|43|46|11|6|29|7|65|3|0|2|1|0|0|1|0|0|0|1|0|0|8|223|2021|6|6|19|31|4|1|N
10|2|443|C|1|0|1|652|7|11|0|E0|0||50|14|30|1|0|14|0|130|3|1|3|1|0|0|0|0|0|0|3|0|0|5|205|2021|6|6|19|19|55|1|N
10|2|469|B|1|0|1|401|7|11|0|E0|0||55|12|40|0|4|6|0|107|1|0|9|1|1|0|0|0|1|1|1|0|0|7|191|2021|6|6|19|4|57|1|N
10|2|469|C|1|0|1|400|7|11|0|E0|0||55|18|37|0|1|2|1|76|2|0|9|2|0|0|0|0|0|1|1|0|1|4|155|2021|6|6|19|9|30|1|N
10|2|501|C|1|0|1|505|7|11|0|E0|0||42|32|50|1|4|19|5|91|4|0|3|1|0|0|0|0|0|1|0|0|0|4|215|2021|6|6|18|48|54|1|N
10|2|504|C|1|0|1|411|7|11|0|E0|0||40|35|53|1|3|1|5|94|5|1|2|3|2|0|0|0|0|1|2|0|1|2|211|2021|6|6|19|23|11|1|N
10|2|581|C|1|0|3|586|7|10|0|E0|0||98|15|55|0|10|2|1|94|3|1|0|4|2|0|0|0|0|0|1|0|0|2|190|2021|6|6|19|12|4|1|N
10|2|597|B|1|0|3|662|7|10|0|E0|0||83|26|78|2|2|4|2|184|5|2|1|3|0|0|0|0|1|0|0|0|0|5|315|2021|6|6|18|33|3|1|N
10|2|605|C|8|0|2|693|7|10|0|E0|0||80|21|33|4|1|6|5|84|0|1|2|1|1|0|0|0|0|0|0|0|0|1|160|2021|6|6|19|29|44|1|N
10|2|668|E|1|0|3|163|10|9|0|E0|0||126|9|31|0|4|21|4|12|2|0|0|1|0|0|0|2|0|0|1|0|0|1|88|2021|6|6|19|7|0|1|N
10|2|1357|C|1|0|1|527|37|9|0|E0|0||106|14|51|0|4|2|7|122|0|6|1|0|0|0|0|3|0|0|0|0|0|4|214|2021|6|6|19|31|20|1|N
10|3|2|B|1|0|1|402|1|6|0|E0|0||2|61|44|1|4|43|2|46|0|1|3|0|2|0|1|0|1|0|0|0|1|11|221|2021|6|6|19|16|12|1|N
10|3|20|B|1|0|3|248|1|6|0|E0|0||11|23|23|6|7|21|1|29|1|1|0|1|0|0|0|1|0|0|2|0|0|3|119|2021|6|6|18|40|10|1|N
10|3|37|C|1|0|3|505|1|6|0|E0|0||9|32|33|2|9|93|1|69|2|6|6|1|0|0|0|0|0|2|3|0|0|2|261|2021|6|6|19|18|50|1|N
10|3|63|C|1|0|3|438|3|8|0|E0|0||18|15|103|1|6|2|3|73|1|18|2|4|4|0|0|0|0|0|2|0|0|8|242|2021|6|6|19|23|58|1|N
10|3|89|B|1|0|3|278|4|14|0|E0|0||29|1|41|2|1|22|2|40|1|3|2|0|0|0|0|0|0|0|0|0|0|3|118|2021|6|6|18|37|58|1|N
10|3|106|B|1|0|2|639|4|14|0|E0|0||32|17|51|16|9|48|5|73|1|0|1|0|2|0|0|1|0|1|0|0|0|4|229|2021|6|6|18|47|59|1|N
10|3|619|B|1|0|1|704|8|14|0|E0|0||41|38|58|21|8|47|9|46|12|23|3|4|0|0|1|0|0|1|0|0|0|14|285|2021|6|6|19|10|12|1|N
10|3|628|B|1|0|1|608|8|14|0|E0|0||49|29|33|40|13|81|46|73|2|8|3|0|0|0|0|6|0|0|0|0|0|8|342|2021|6|6|19|2|37|1|N
10|3|854|B|1|0|3|428|16|15|0|E0|0||104|9|13|1|23|44|4|36|19|3|0|0|0|0|0|0|0|0|2|0|0|4|158|2021|6|6|19|31|33|1|N
10|3|865|B|1|0|3|270|16|15|0|E0|0||109|24|2|1|24|16|3|49|1|3|0|1|0|0|0|0|0|0|10|0|0|4|138|2021|6|6|18|55|43|1|N
10|3|1156|B|1|0|2|560|29|8|0|E0|0||154|24|77|0|3|1|1|67|4|14|5|5|5|0|0|2|0|0|0|0|0|9|217|2021|6|6|18|53|2|1|N
11|1|797|B|1|0|3|691|14|1|0|E0|0||40|89|65|1|6|18|9|45|5|1|17|0|0|0|0|0|0|0|0|0|0|13|269|2021|6|6|18|38|14|1|N
11|1|2549|C|2|0|1|672|33|2|0|E0|0||78|50|81|7|6|28|1|53|4|8|7|0|0|0|0|0|0|0|0|0|0|14|259|2021|6|6|19|27|28|1|N
11|1|2569|B|1|0|3|530|33|2|0|E0|0||57|52|129|2|3|10|3|27|10|5|21|0|0|0|0|0|0|0|0|0|1|17|280|2021|6|6|18|40|1|1|N
11|1|2573|C|1|0|3|599|33|2|0|E0|0||58|73|67|4|6|14|4|19|5|1|1|0|0|0|0|0|0|0|0|0|0|13|207|2021|6|6|19|22|36|1|N
11|2|156|C|5|0|1|672|3|9|0|E0|0||13|76|82|17|8|17|9|77|11|1|10|0|0|0|0|0|0|0|0|0|0|7|315|2021|6|6|19|10|32|1|N
11|2|186|C|1|0|1|448|3|9|0|E0|0||36|50|48|3|2|2|1|50|12|1|1|0|0|0|0|0|0|0|0|0|0|12|182|2021|6|6|19|21|25|1|N
11|2|205|B|1|0|3|633|3|9|0|E0|0||49|91|43|12|4|5|3|79|5|5|14|0|0|0|0|0|0|0|0|0|0|10|271|2021|6|6|19|6|42|1|N
11|2|221|B|1|0|3|313|3|9|0|E0|0||58|41|40|2|2|1|0|7|3|13|8|0|0|0|0|0|0|0|0|0|0|6|123|2021|6|6|18|46|31|1|N
11|2|508|C|1|0|3|472|7|16|0|E0|0||72|65|19|3|0|3|4|34|7|0|0|0|0|0|0|0|0|0|0|0|0|0|135|2021|6|6|18|41|9|1|N
11|2|514|C|1|0|2|748|7|16|0|E0|0||76|218|33|2|2|10|8|64|0|0|3|0|0|0|0|0|0|0|0|0|0|4|344|2021|6|6|19|23|19|1|N
11|2|638|C|1|0|3|611|9|17|0|E0|0||96|96|30|20|12|4|4|45|4|6|12|0|0|0|0|0|0|0|0|0|0|13|246|2021|6|6|19|21|59|1|N
11|2|640|C|1|0|3|436|9|17|0|E0|0||105|38|8|1|26|11|10|35|1|5|12|0|0|0|0|0|0|0|0|0|0|10|157|2021|6|6|18|49|21|1|N
11|2|2514|C|3|0|1|642|32|2|0|E0|0||118|93|27|5|28|14|45|51|16|3|12|0|0|0|0|0|0|0|0|0|0|18|312|2021|6|6|19|10|14|1|N
11|2|2533|C|1|0|2|488|32|2|0|E0|0||127|63|23|7|24|13|34|29|8|0|7|0|0|0|0|0|0|0|0|0|0|16|224|2021|6|6|19|22|27|1|N
11|3|1265|C|4|0|1|634|20|3|0|E0|0||2|125|19|2|2|9|6|43|1|0|1|0|0|0|0|0|0|0|0|0|0|5|213|2021|6|6|19|19|54|1|N
11|3|1299|C|1|0|1|424|20|4|0|E0|0||36|123|14|0|0|11|12|54|2|0|3|0|0|0|0|0|0|0|0|0|0|5|224|2021|6|6|19|10|7|1|N
11|3|1379|C|1|0|1|410|20|7|0|E0|0||103|102|12|0|0|8|2|50|5|1|0|0|0|0|0|0|0|0|0|0|0|6|186|2021|6|6|19|25|52|1|N
11|4|825|C|1|0|2|580|15|8|0|E0|0||1|168|19|3|4|9|3|31|0|1|4|0|0|0|0|0|0|0|0|0|0|4|246|2021|6|6|19|31|8|1|N
11|4|859|B|1|0|1|372|15|8|0|E0|0||16|120|19|1|2|4|12|36|1|0|0|0|0|0|0|0|0|0|0|0|7|9|211|2021|6|6|18|57|7|1|N
11|4|861|B|1|0|1|496|15|8|0|E0|0||22|131|25|10|6|3|12|46|3|2|4|0|0|0|0|0|0|0|0|0|1|7|250|2021|6|6|19|31|16|1|N
11|4|864|C|1|0|1|433|15|8|0|E0|0||17|124|20|6|1|7|14|43|2|4|3|0|0|0|0|0|0|0|0|0|1|6|231|2021|6|6|19|1|50|1|N
11|4|2414|C|1|0|3|648|30|1|0|E0|0||109|45|19|4|4|132|3|58|3|1|1|0|0|0|0|0|0|0|0|0|0|10|280|2021|6|6|18|41|21|1|N
11|4|2416|B|1|0|3|610|30|1|0|E0|0||109|52|10|0|1|121|1|19|3|0|0|0|0|0|0|0|0|0|0|0|0|6|213|2021|6|6|18|43|47|1|N
11|4|2425|C|1|0|3|543|30|1|0|E0|0||113|126|12|1|2|99|2|3|2|2|0|0|0|0|0|0|0|0|0|0|0|10|259|2021|6|6|18|52|1|1|N
11|4|2427|C|1|0|3|560|30|1|0|E0|0||114|92|10|0|3|86|4|26|9|2|1|0|0|0|0|0|0|0|0|0|0|19|252|2021|6|6|19|31|28|1|N
11|5|1458|B|1|0|1|344|20|7|0|E0|0||8|109|25|1|2|7|12|32|1|1|0|0|0|0|0|0|0|0|0|0|0|8|198|2021|6|6|18|56|20|1|N
11|5|1490|E|1|7|2|680|20|5|0|E0|0||63|144|17|1|4|7|8|71|3|3|2|0|0|0|0|0|0|0|0|0|0|5|265|2021|6|6|19|8|5|1|N
11|5|1491|C|5|0|1|653|20|5|0|E0|0||67|77|24|1|1|6|6|47|5|1|4|0|0|0|0|0|0|0|0|0|0|5|177|2021|6|6|18|49|35|1|N
11|5|1511|C|1|0|3|698|20|6|0|E0|0||45|134|8|3|1|8|6|9|1|0|0|0|0|0|0|0|0|0|0|0|0|5|175|2021|6|6|19|8|52|1|N
11|5|1721|B|1|0|1|628|20|5|0|E0|0||72|179|19|2|7|8|6|51|4|0|1|0|0|0|0|0|0|0|0|0|0|3|280|2021|6|6|18|48|12|1|N
11|5|1763|B|1|0|1|388|20|7|0|E0|0||27|152|22|1|0|7|9|49|3|0|2|0|0|0|0|0|0|0|0|0|0|5|250|2021|6|6|19|13|57|1|N
11|5|1763|C|1|0|1|387|20|7|0|E0|0||27|153|15|3|1|7|3|41|1|1|0|0|0|0|0|0|0|0|0|0|0|9|234|2021|6|6|19|30|59|1|N
11|5|1766|C|1|0|1|670|20|7|0|E0|0||15|159|25|1|2|16|10|60|2|1|0|0|0|0|0|0|0|0|0|0|0|3|279|2021|6|6|19|1|27|1|N
11|6|1298|B|1|0|1|695|20|4|0|E0|0||8|183|21|4|3|13|5|73|2|2|2|0|0|0|0|0|0|0|0|0|0|6|314|2021|6|6|19|26|6|1|N
11|6|1382|C|1|0|1|472|20|7|0|E0|0||25|114|16|1|1|18|4|69|1|2|5|0|0|0|0|0|0|0|0|0|0|4|235|2021|6|6|19|14|28|1|N
11|6|1391|C|1|0|1|749|20|4|0|E0|0||41|403|21|3|2|4|15|56|1|0|1|0|0|0|0|0|0|0|0|0|1|2|509|2021|6|6|19|13|40|1|N
11|6|1412|C|1|0|1|613|20|4|0|E0|0||44|188|27|3|2|13|12|75|3|3|1|0|0|0|0|0|0|0|0|0|0|5|332|2021|6|6|19|31|4|1|N
11|6|1489|C|8|0|1|703|20|4|0|E0|0||4|124|18|2|1|14|6|60|1|2|2|0|0|0|0|0|0|0|0|0|0|3|233|2021|6|6|19|11|44|1|N
11|6|1509|B|1|0|3|514|20|4|0|E0|0||123|77|30|0|0|7|3|46|2|3|2|0|0|0|0|0|0|0|0|0|0|5|175|2021|6|6|19|12|45|1|N
11|6|3091|C|1|0|1|411|20|4|0|E0|0||104|49|12|0|1|5|7|49|1|2|2|0|0|0|0|0|0|0|0|0|0|3|131|2021|6|6|19|27|33|1|N
11|6|3144|B|1|0|2|617|20|21|0|E0|0||88|68|15|1|1|10|6|57|4|1|1|0|0|0|0|0|0|0|0|0|0|5|169|2021|6|6|19|20|42|1|N
11|7|578|C|1|0|3|393|8|10|0|E0|0||7|86|69|14|2|9|15|12|0|0|0|0|0|0|0|0|0|0|0|0|0|4|211|2021|6|6|19|12|22|1|N
11|7|596|C|1|0|3|489|8|10|0|E0|0||11|132|84|1|0|0|10|20|0|0|0|0|0|0|0|0|0|0|0|0|0|4|251|2021|6|6|18|59|34|1|N
11|7|1943|C|1|0|3|569|23|18|0|E0|0||37|62|40|1|2|21|5|63|1|0|5|0|0|0|0|0|0|0|0|0|1|9|210|2021|6|6|19|2|50|1|N
11|7|1974|C|3|0|2|693|23|18|0|E0|0||59|84|17|0|0|17|4|57|1|0|0|0|0|0|0|0|0|0|0|0|0|5|185|2021|6|6|19|1|40|1|N
11|7|2036|C|8|0|1|706|25|10|0|E0|0||83|122|36|0|4|7|14|36|1|0|0|0|0|0|0|0|0|0|0|0|0|4|224|2021|6|6|18|33|15|1|N
11|7|2049|B|1|0|3|665|25|10|0|E0|0||95|117|46|2|4|9|49|40|1|1|1|0|0|0|0|0|0|0|0|0|0|9|279|2021|6|6|19|8|21|1|N
11|7|2058|B|1|0|1|650|25|10|0|E0|0||101|107|27|0|1|6|11|24|2|0|1|0|0|0|0|0|0|0|0|0|0|6|185|2021|6|6|19|15|3|1|N
11|7|2458|B|1|0|1|428|31|10|0|E0|0||105|127|73|0|0|6|8|28|1|0|1|0|0|0|0|0|0|0|0|0|0|2|246|2021|6|6|19|6|38|1|N
11|7|2468|B|1|0|1|657|31|10|0|E0|0||112|147|61|1|3|17|8|40|1|0|1|0|0|0|0|0|0|0|0|0|1|7|287|2021|6|6|19|1|50|1|N
11|7|2473|C|2|0|1|563|31|10|0|E0|0||115|168|73|3|0|15|5|35|1|0|0|0|0|0|0|0|0|0|0|0|0|1|301|2021|6|6|18|59|4|1|N
11|7|2475|C|4|0|1|717|31|10|0|E0|0||117|193|74|2|1|25|5|58|2|2|1|0|0|0|0|0|0|0|0|0|0|5|368|2021|6|6|19|28|22|1|N
11|7|2493|B|1|0|3|394|31|10|0|E0|0||132|60|82|0|1|4|2|7|1|0|1|0|0|0|0|0|0|0|0|0|1|4|163|2021|6|6|18|33|11|1|N
11|8|2121|C|3|0|1|691|27|14|0|E0|0||47|79|18|1|6|12|30|118|1|1|14|1|0|0|0|0|0|0|0|0|0|10|291|2021|6|6|19|11|38|1|N
11|8|2133|B|1|0|1|447|27|14|0|E0|0||52|118|16|9|7|8|30|104|3|4|6|0|2|0|0|0|0|0|0|0|0|12|319|2021|6|6|19|9|51|1|N
11|8|2148|C|1|0|1|394|27|14|0|E0|0||65|68|14|0|6|10|21|97|0|2|4|0|2|0|0|0|0|0|0|0|1|4|229|2021|6|6|18|56|48|1|N
11|8|2210|B|1|0|3|504|27|14|0|E0|0||11|50|16|1|16|9|20|52|5|1|6|0|0|0|0|0|0|0|0|0|0|4|180|2021|6|6|19|0|8|1|N
11|8|2223|C|2|0|3|583|27|14|0|E0|0||7|91|11|2|10|9|18|128|4|2|9|1|0|0|0|0|0|0|0|0|0|2|287|2021|6|6|19|28|32|1|N
11|8|2228|B|1|0|3|656|27|14|0|E0|0||18|80|11|3|24|4|24|108|5|2|16|0|0|0|0|0|0|0|0|0|0|8|285|2021|6|6|19|25|29|1|N
11|8|2228|C|2|0|3|655|27|14|0|E0|0||18|88|8|7|34|10|16|105|5|1|32|1|0|0|0|0|0|0|0|0|0|6|313|2021|6|6|19|32|19|1|N
11|8|2919|S|1|0|1|0|44|17|0|E0|0||139|37|0|20|3|20|11|56|1|18|0|0|0|0|0|0|0|0|0|0|0|8|174|2021|6|6|18|57|26|1|N
11|8|2925|C|1|0|3|594|44|17|0|E0|0||125|57|7|29|4|14|10|133|4|31|8|0|0|1|0|0|0|0|0|0|1|14|313|2021|6|6|19|32|54|1|N
11|9|930|C|2|0|1|676|17|11|0|E0|0||3|79|12|3|1|5|9|67|1|2|6|0|0|0|0|0|0|0|0|0|1|6|192|2021|6|6|18|47|1|1|N
11|9|1129|C|2|0|1|566|17|11|0|E0|0||39|105|15|0|1|4|7|42|0|2|0|0|0|0|0|0|0|0|0|0|0|2|178|2021|6|6|19|32|3|1|N
11|9|2711|C|1|0|2|479|37|13|0|E0|0||101|51|17|7|2|10|5|77|2|2|2|0|0|0|0|0|0|0|0|0|0|3|178|2021|6|6|19|32|21|1|N
11|9|2731|B|1|0|3|419|37|13|0|E0|0||120|105|13|0|0|19|4|63|2|1|2|0|0|0|0|0|0|0|0|0|0|7|216|2021|6|6|19|8|31|1|N
11|10|700|C|2|0|2|523|11|19|0|E0|0||27|57|10|36|6|15|8|57|9|8|3|0|0|0|0|0|0|0|0|0|0|12|221|2021|6|6|19|22|16|1|N
11|10|713|B|1|0|1|517|11|19|0|E0|0||33|59|15|10|3|12|13|45|6|4|0|0|0|0|0|0|0|0|0|0|0|9|176|2021|6|6|19|4|16|1|N
11|10|713|C|1|0|1|517|11|19|0|E0|0||33|63|10|10|2|5|7|40|9|6|4|0|0|0|0|0|0|0|0|0|0|3|159|2021|6|6|19|11|47|1|N
11|10|1874|C|1|0|1|455|21|20|0|E0|0||42|73|33|4|1|24|53|60|5|0|1|0|0|0|0|0|0|0|0|0|0|8|262|2021|6|6|18|41|18|1|N
11|10|1878|B|1|0|1|469|21|20|0|E0|0||37|90|29|11|5|13|40|52|3|0|5|0|0|0|0|0|0|0|0|0|0|4|252|2021|6|6|19|9|15|1|N
11|10|2793|B|1|0|1|635|41|20|0|E0|0||102|64|61|2|0|53|24|86|2|0|0|0|0|0|0|0|0|0|0|0|0|8|300|2021|6|6|18|48|8|1|N
11|10|2794|B|1|0|1|587|41|20|0|E0|0||103|59|62|2|1|42|13|101|1|1|0|0|0|0|0|0|0|0|0|0|0|7|289|2021|6|6|19|6|5|1|N
11|10|2796|C|1|0|1|515|41|20|0|E0|0||105|67|66|1|1|44|9|79|1|0|1|0|0|0|0|0|0|0|0|0|0|11|280|2021|6|6|19|15|15|1|N
11|10|3000|B|1|0|2|538|46|20|0|E0|0||145|51|57|2|6|26|3|32|1|1|2|0|0|0|0|0|0|0|0|0|0|6|187|2021|6|6|19|11|2|1|N
11|10|3000|C|2|0|2|538|46|20|0|E0|0||145|60|56|1|5|24|5|36|1|0|2|0|0|0|0|0|0|0|0|0|0|0|190|2021|6|6|19|20|31|1|N
11|11|1537|C|1|0|1|553|20|6|0|E0|0||22|160|15|1|0|6|12|56|1|1|1|0|0|0|0|0|0|0|0|0|0|3|256|2021|6|6|18|59|55|1|N
11|11|1596|B|1|0|1|532|20|6|0|E0|0||9|168|39|3|3|8|8|57|3|2|2|0|0|0|0|0|0|0|0|0|0|3|296|2021|6|6|19|24|2|1|N
11|11|1606|C|1|0|1|512|20|6|0|E0|0||5|117|22|2|4|7|9|59|0|1|4|0|0|0|0|0|0|0|0|0|0|5|230|2021|6|6|19|21|31|1|N
11|11|1613|C|2|0|1|726|20|6|0|E0|0||35|228|22|3|3|9|17|88|5|2|6|0|0|0|0|0|0|0|0|0|0|3|386|2021|6|6|19|29|23|1|N
11|11|1614|C|6|0|1|724|20|21|0|E0|0||38|245|28|1|6|20|18|74|2|3|7|0|0|0|0|0|0|0|0|0|0|6|410|2021|6|6|19|22|34|1|N
11|11|1642|C|1|0|1|733|20|21|0|E0|0||85|141|32|5|3|8|12|69|4|1|2|0|0|0|0|0|0|0|0|0|0|4|281|2021|6|6|19|0|45|1|N
11|11|1658|C|6|0|2|694|20|6|0|E0|0||107|126|19|1|2|6|4|51|2|0|0|0|0|0|0|0|0|0|0|0|0|8|219|2021|6|6|19|21|15|1|N
11|11|3123|C|2|0|1|591|20|21|0|E0|0||79|153|21|1|1|5|7|58|0|3|6|0|0|0|0|0|0|0|0|0|0|2|257|2021|6|6|18|57|38|1|N
11|11|3128|B|1|0|1|633|20|21|0|E0|0||83|148|18|3|5|9|16|82|0|0|3|0|0|0|0|0|0|0|0|0|0|13|297|2021|6|6|18|52|52|1|N
11|12|348|B|1|0|1|607|7|16|0|E0|0||11|51|15|3|13|9|9|101|2|3|3|0|0|0|0|0|0|0|0|0|0|7|216|2021|6|6|19|24|59|1|N
11|12|355|C|2|0|1|524|7|16|0|E0|0||24|49|17|6|5|18|11|129|8|4|2|0|0|0|0|0|0|0|0|0|0|6|255|2021|6|6|19|13|8|1|N
11|12|399|B|1|0|1|645|7|16|0|E0|0||62|150|51|3|6|8|17|85|7|1|2|0|0|0|0|0|0|0|0|0|0|7|337|2021|6|6|19|10|52|1|N
11|12|449|B|1|0|2|739|7|15|0|E0|0||91|310|72|12|3|10|9|79|6|1|4|0|0|0|0|0|0|0|0|0|0|7|513|2021|6|6|19|7|58|1|N
11|12|3119|B|1|0|1|674|7|16|0|E0|0||38|156|23|7|13|6|13|90|4|3|6|0|0|0|0|0|0|0|0|0|0|9|330|2021|6|6|19|30|7|1|N
11|13|21|C|1|0|3|630|1|18|0|E0|0||15|45|43|3|5|10|2|31|2|61|8|0|0|0|0|0|0|0|0|0|0|9|219|2021|6|6|19|2|13|1|N
11|13|23|B|1|0|3|522|1|18|0|E0|0||15|94|42|2|3|9|2|33|1|58|11|0|0|0|0|0|0|1|0|0|0|5|261|2021|6|6|19|19|0|1|N
11|13|41|B|1|0|1|638|1|18|0|E0|0||25|123|52|0|2|26|4|83|3|9|7|0|0|0|0|0|0|0|0|0|0|9|318|2021|6|6|18|35|12|1|N
11|13|922|C|1|0|3|576|16|18|0|E0|0||46|64|3|2|1|47|9|139|3|26|1|0|0|0|0|0|0|2|0|0|0|5|302|2021|6|6|19|20|22|1|N
11|13|2074|C|1|0|3|721|26|13|0|E0|0||76|82|118|0|0|7|16|91|0|2|0|0|0|0|0|0|0|0|0|0|0|5|321|2021|6|6|19|23|13|1|N
11|13|2084|C|1|0|3|391|26|13|0|E0|0||85|57|77|1|2|5|3|84|0|0|0|0|0|0|0|0|0|0|0|0|0|1|230|2021|6|6|18|57|31|1|N
11|13|2852|C|1|0|3|582|42|19|0|E0|0||114|32|8|7|4|10|24|51|2|2|2|0|0|0|0|0|0|0|0|0|0|8|150|2021|6|6|19|13|37|1|N
11|13|2871|C|1|0|3|496|42|19|0|E0|0||124|24|27|30|4|6|3|60|3|3|0|0|0|0|0|0|0|0|0|0|0|10|170|2021|6|6|19|16|34|1|N
11|13|2875|B|1|0|3|474|42|19|0|E0|0||130|115|21|10|2|0|2|72|4|6|2|0|0|0|0|0|0|0|1|0|0|0|235|2021|6|6|19|30|3|1|N
11|13|2876|B|1|0|2|449|42|19|0|E0|0||123|37|8|5|4|3|5|31|1|1|1|0|0|0|0|0|0|0|0|0|0|5|101|2021|6|6|18|57|31|1|N
11|14|103|B|1|0|2|462|2|22|0|E0|0||29|40|7|9|4|9|1|78|3|4|2|0|0|0|0|0|0|0|0|0|0|7|164|2021|6|6|19|8|13|1|N
11|14|247|C|1|0|1|550|4|22|0|E0|0||47|49|16|2|1|29|62|42|4|5|3|0|0|0|0|0|0|0|0|0|0|10|223|2021|6|6|19|20|47|1|N
11|14|265|B|1|0|1|743|4|22|0|E0|0||58|131|7|5|5|36|10|121|3|7|1|0|0|0|0|0|0|0|0|0|0|7|333|2021|6|6|19|25|53|1|N
11|14|309|C|1|0|3|724|5|9|0|E0|0||83|130|21|2|10|23|15|53|38|5|7|0|0|0|0|0|0|0|0|0|1|7|312|2021|6|6|18|46|38|1|N
11|14|323|B|1|0|3|487|5|9|0|E0|0||94|97|3|5|4|27|3|99|29|4|10|0|0|0|0|0|0|0|0|0|0|5|286|2021|6|6|19|23|7|1|N
11|14|2736|C|1|0|2|526|38|22|0|E0|0||125|87|78|1|0|12|9|68|2|1|2|0|0|0|0|0|0|0|0|0|0|9|269|2021|6|6|19|22|10|1|N
11|15|958|C|2|0|1|737|17|11|0|E0|0||2|95|13|3|2|6|8|77|4|3|4|0|0|0|0|0|0|0|0|0|0|3|218|2021|6|6|18|50|25|1|N
11|15|958|C|4|0|1|737|17|11|0|E0|0||3|90|29|1|0|3|8|98|1|2|6|0|0|0|0|0|0|0|0|0|1|4|243|2021|6|6|18|56|44|1|N
11|15|959|B|1|0|1|620|17|11|0|E0|0||4|74|21|6|4|6|8|105|3|3|5|0|0|0|0|0|0|0|0|0|0|10|245|2021|6|6|19|33|37|1|N
11|15|985|B|1|0|1|436|17|11|0|E0|0||11|118|21|4|2|2|12|54|3|4|4|0|0|0|0|0|0|0|0|0|0|10|234|2021|6|6|19|8|39|1|N
11|15|1073|B|1|0|1|568|17|12|0|E0|0||82|124|23|6|4|8|2|87|0|5|4|0|0|0|0|0|0|0|0|0|0|13|276|2021|6|6|19|11|37|1|N
11|15|1111|C|1|0|1|579|17|12|0|E0|0||110|140|38|2|5|8|14|87|4|2|1|0|0|0|0|0|0|0|0|0|1|6|308|2021|6|6|18|59|37|1|N
11|15|1156|B|1|0|3|376|17|12|0|E0|0||103|77|8|1|1|3|5|55|6|1|1|0|0|0|0|0|0|0|0|0|0|3|161|2021|6|6|18|45|27|1|N
11|15|1172|C|1|0|3|714|17|11|0|E0|0||35|128|32|1|1|5|2|46|6|1|1|0|0|0|0|0|0|0|0|0|1|7|231|2021|6|6|19|23|57|1|N
12|1|2602|B|1|0|1|532|68|18|0|E0|0||175|2|182|3|2|1|0|133|1|0|1|1|0|0|0|0|0|0|1|0|0|1|328|2021|6|6|19|33|36|1|N
12|2|1480|E|1|0|2|607|36|22|0|E0|0||37|4|53|33|6|7|9|68|2|5|0|0|0|0|0|0|0|0|0|0|0|8|195|2021|6|6|19|23|44|1|N
12|2|1535|B|1|0|1|540|36|22|0|E0|0||63|14|51|60|5|10|1|106|3|1|0|0|0|0|0|0|0|0|0|0|0|5|256|2021|6|6|19|26|2|1|N
12|2|2146|C|1|0|2|510|56|21|0|E0|0||128|17|54|20|3|16|6|81|1|2|27|0|0|0|0|0|0|0|0|0|0|15|242|2021|6|6|19|26|8|1|N
12|2|2430|C|1|0|3|399|60|23|0|E0|0||144|8|49|3|7|16|49|115|1|3|3|0|0|0|0|0|0|0|0|0|0|6|260|2021|6|6|19|3|33|1|N
12|3|1888|C|1|0|1|459|49|11|0|E0|0||75|2|121|23|0|1|2|127|3|2|0|0|0|0|1|0|0|0|0|0|0|7|289|2021|6|6|18|59|50|1|N
12|4|129|C|1|0|1|517|1|5|0|E0|0||121|0|41|10|1|1|11|152|2|2|1|1|0|0|1|0|0|0|0|0|0|10|233|2021|6|6|19|7|45|1|N
12|4|240|B|1|0|1|519|1|3|0|E0|0||101|3|79|15|3|4|9|133|4|2|8|0|0|0|1|0|0|0|0|0|0|7|268|2021|6|6|19|28|49|1|N
12|4|242|B|1|0|1|416|1|3|0|E0|0||101|6|50|6|4|3|8|132|6|1|4|0|0|0|0|0|0|0|0|0|0|5|225|2021|6|6|19|22|48|1|N
12|4|347|C|3|0|2|727|1|5|0|E0|0||126|4|57|19|4|3|14|175|6|0|3|2|0|1|2|0|0|0|0|0|0|12|302|2021|6|6|19|32|48|1|N
12|6|1157|C|2|0|1|630|28|25|0|E0|0||59|5|108|21|2|3|2|81|10|15|2|0|0|0|0|0|0|0|0|0|0|0|249|2021|6|6|19|22|50|1|N
12|6|1774|B|1|0|3|188|45|24|0|E0|0||80|0|16|21|1|93|2|9|9|0|0|0|0|0|0|0|0|0|0|0|0|5|156|2021|6|6|19|21|58|1|N
12|6|1974|B|1|0|2|562|52|24|0|E0|0||90|3|30|158|0|2|5|56|0|0|1|0|0|0|12|0|0|0|0|0|0|11|278|2021|6|6|19|32|33|1|N
12|7|1279|C|1|0|1|653|29|2|0|E0|0||71|9|90|12|2|6|3|175|8|4|2|0|0|0|0|0|0|0|0|0|0|14|325|2021|6|6|19|29|29|1|N
12|8|672|C|2|0|1|617|12|14|0|E0|0||52|2|25|19|3|2|35|85|15|3|1|0|0|0|0|0|0|0|0|0|0|18|208|2021|6|6|19|32|17|1|N
12|8|678|B|1|0|3|278|12|14|0|E0|0||46|1|3|13|4|6|2|71|3|1|0|0|0|0|0|0|0|0|0|0|0|6|110|2021|6|6|18|43|3|1|N
12|8|1019|B|1|0|3|218|23|15|0|E0|0||129|2|36|0|1|51|4|3|3|2|5|0|0|0|1|0|0|3|0|0|0|3|114|2021|6|6|19|33|21|1|N
12|8|1827|B|1|0|3|234|47|16|0|E0|0||104|0|147|4|5|0|0|32|0|1|0|0|0|0|0|0|0|0|0|0|0|7|196|2021|6|6|19|32|11|1|N
12|8|1832|B|1|0|3|239|47|16|0|E0|0||105|1|88|6|7|0|0|86|0|1|0|1|0|0|0|0|0|0|1|0|0|5|196|2021|6|6|19|6|16|1|N
12|8|2064|B|1|0|3|179|54|13|0|E0|0||35|2|23|30|5|31|2|28|3|1|0|0|0|0|0|0|0|0|0|0|0|4|129|2021|6|6|19|11|23|1|N
12|8|2259|E|1|0|3|146|57|13|0|E0|0||24|49|10|5|11|22|0|7|3|2|0|0|0|0|0|0|0|0|0|0|0|0|109|2021|6|6|18|49|15|1|N
12|9|294|C|3|0|1|725|1|7|0|E0|0||53|0|143|10|8|9|4|149|8|0|4|0|0|0|1|0|0|0|0|0|0|7|343|2021|6|6|19|23|43|1|N
12|9|306|C|5|0|1|703|1|7|0|E0|0||58|7|100|12|4|8|6|137|1|3|10|0|1|0|3|0|0|0|0|0|0|8|300|2021|6|6|19|32|50|1|N
12|9|339|C|1|0|3|608|1|9|0|E0|0||103|1|136|32|3|7|6|158|26|6|5|0|0|0|0|0|0|0|0|0|0|14|394|2021|6|6|19|19|31|1|N
13|1|162|C|2|0|2|597|10|3|0|E0|0||1|12|78|3|3|2|4|174|109|3|2|0|0|0|0|0|1|0|0|0|0|5|396|2021|6|6|19|17|40|1|N
13|1|495|E|1|1|3|526|28|4|0|E0|0||58|7|25|7|4|4|2|99|21|19|9|2|0|0|0|0|0|0|0|0|0|8|207|2021|6|6|19|26|32|1|N
13|1|503|E|1|0|3|422|28|4|0|E0|0||63|9|81|1|4|3|3|70|21|8|2|0|1|0|0|0|0|0|0|0|0|16|219|2021|6|6|18|59|45|1|N
13|1|663|B|1|0|3|515|35|2|0|E0|0||73|4|102|4|4|2|7|106|21|2|4|0|0|0|0|0|0|0|0|0|2|11|269|2021|6|6|18|59|47|1|N
13|1|1057|C|1|0|3|537|53|3|0|E0|0||87|18|64|12|10|12|6|84|28|4|4|0|0|0|0|0|0|0|0|0|0|20|262|2021|6|6|19|21|11|1|N
13|1|1247|B|1|0|3|320|62|2|0|E0|0||100|1|130|1|3|4|0|42|4|2|1|0|0|2|0|0|0|0|0|0|0|3|193|2021|6|6|19|26|25|1|N
13|1|1346|B|1|0|3|415|67|2|0|E0|0||104|2|76|5|5|3|4|97|13|7|2|0|1|0|0|0|0|0|0|0|0|8|223|2021|6|6|19|3|29|1|N
13|2|324|B|1|0|3|365|18|5|0|E0|0||28|4|48|3|13|9|0|84|8|4|1|0|0|0|0|0|0|0|0|0|0|17|191|2021|6|6|19|25|10|1|N
13|2|788|B|1|0|3|349|43|5|0|E0|0||77|125|6|5|8|5|0|67|1|1|2|1|1|0|0|0|0|0|0|0|0|10|232|2021|6|6|19|28|25|1|N
13|2|965|B|1|0|3|328|48|1|0|E0|0||89|5|67|3|2|7|2|52|2|2|0|0|2|0|0|0|0|0|0|0|0|7|151|2021|6|6|19|21|29|1|N
13|2|1136|B|1|0|3|102|58|1|0|E0|0||118|0|15|0|0|1|0|11|0|2|1|0|0|0|0|1|0|0|0|0|0|1|32|2021|6|6|19|1|53|1|N
13|2|1645|B|1|0|2|682|84|1|0|E0|0||142|50|38|9|3|4|8|124|7|1|3|2|0|0|0|1|0|0|1|0|0|10|261|2021|6|6|19|31|1|1|N
13|2|1673|B|1|0|3|183|84|1|0|E0|0||145|1|8|1|2|3|2|24|1|0|0|0|0|0|0|1|0|0|0|0|0|2|45|2021|6|6|19|11|33|1|N
13|3|61|C|1|0|3|401|3|8|0|E0|0||16|10|42|2|1|1|4|82|2|2|3|0|0|0|0|0|0|0|0|0|0|13|162|2021|6|6|19|7|7|1|N
13|3|400|C|2|0|3|589|24|9|0|E0|0||60|57|18|12|6|1|2|79|3|2|3|2|0|0|0|0|0|0|0|0|0|5|190|2021|6|6|19|18|33|1|N
13|3|683|B|1|0|3|100|37|2|0|E0|0||70|1|26|6|0|0|0|17|2|1|1|0|0|0|0|0|0|0|0|0|0|2|56|2021|6|6|18|30|35|1|N
13|3|697|C|1|0|3|513|37|2|0|E0|0||71|3|118|11|5|1|1|89|3|1|1|0|0|0|0|0|0|0|0|0|0|6|239|2021|6|6|19|30|14|1|N
13|3|703|B|1|0|3|106|38|8|0|E0|0||78|0|22|24|0|1|0|6|4|3|0|0|0|0|2|0|0|0|0|0|0|2|64|2021|6|6|18|24|38|1|N
13|3|717|C|1|0|1|377|39|9|0|E0|0||81|11|59|1|5|3|4|83|13|0|11|0|1|0|0|0|0|0|0|0|1|8|200|2021|6|6|19|17|25|1|N
13|3|749|C|1|0|1|528|41|7|0|E0|0||89|8|51|6|5|21|2|87|2|2|1|1|1|0|0|0|0|0|0|0|1|10|198|2021|6|6|19|16|47|1|N
13|3|1605|B|1|0|2|735|81|2|0|E0|0||140|8|51|2|8|4|7|139|5|2|7|0|1|0|0|0|0|0|0|0|0|9|243|2021|6|6|19|19|32|1|N
13|4|28|C|1|0|3|541|2|10|0|E0|0||17|4|163|2|2|15|6|129|4|2|10|0|0|0|0|0|0|0|0|0|0|13|350|2021|6|6|19|8|22|1|N
13|4|258|C|1|0|1|720|15|10|0|E0|0||26|25|77|4|4|8|8|134|4|3|8|0|1|0|0|2|0|0|0|0|0|4|282|2021|6|6|18|41|36|1|N
13|4|258|C|2|0|1|720|15|10|0|E0|0||26|19|66|4|3|6|7|139|3|3|4|1|0|0|0|1|0|0|1|0|1|14|272|2021|6|6|18|44|58|1|N
13|4|260|B|1|0|1|426|15|10|0|E0|0||28|15|71|0|2|3|8|93|1|4|4|0|0|0|0|0|0|0|2|0|0|0|203|2021|6|6|18|58|39|1|N
13|4|264|C|3|0|3|698|15|10|0|E0|0||31|11|59|1|5|11|2|134|4|3|8|2|2|0|0|0|0|0|1|0|0|4|247|2021|6|6|19|6|30|1|N
13|4|265|C|1|0|1|609|15|10|0|E0|0||34|6|43|3|5|8|3|155|2|1|4|0|0|0|0|0|3|0|2|0|0|7|242|2021|6|6|19|16|56|1|N
13|4|274|C|2|0|2|673|15|10|0|E0|0||40|16|87|3|10|4|3|138|4|4|2|3|1|0|0|1|0|0|3|0|0|4|283|2021|6|6|19|19|7|1|N
13|5|216|C|3|0|3|625|12|15|0|E0|0||18|6|32|17|1|5|2|131|2|7|3|2|0|1|0|3|0|0|1|0|0|5|218|2021|6|6|18|51|23|1|N
13|5|222|C|2|0|1|511|12|15|0|E0|0||19|21|56|15|1|4|6|106|4|1|3|4|1|1|1|4|0|0|0|0|0|5|233|2021|6|6|19|22|51|1|N
13|5|539|B|1|0|3|419|29|6|0|E0|0||41|13|61|1|5|16|4|59|3|0|0|2|2|0|0|0|1|1|0|0|0|3|171|2021|6|6|19|6|47|1|N
13|6|833|B|1|0|1|443|47|12|0|E0|0||3|13|78|0|4|0|3|119|1|0|4|0|0|0|0|0|0|1|0|0|0|3|226|2021|6|6|19|2|21|1|N
13|6|910|B|1|0|1|506|47|12|0|E0|0||46|13|74|4|4|3|8|145|4|7|12|3|1|0|0|0|0|0|1|0|0|2|281|2021|6|6|19|18|32|1|N
13|6|917|C|4|0|1|748|47|13|0|E0|0||62|39|103|0|1|5|1|142|5|3|12|4|0|1|0|0|0|0|0|0|0|9|325|2021|6|6|19|18|2|1|N
13|6|925|B|1|0|1|528|47|12|0|E0|0||25|26|68|2|4|2|10|164|1|4|9|4|1|0|0|1|1|2|1|0|1|7|308|2021|6|6|19|30|36|1|N
13|6|925|C|1|0|1|527|47|12|0|E0|0||25|19|85|3|5|4|8|145|1|3|4|1|0|0|0|0|0|0|0|0|1|7|286|2021|6|6|19|21|22|1|N
13|6|947|C|1|0|1|383|47|13|0|E0|0||75|10|52|3|5|2|1|105|1|1|7|1|0|0|0|4|0|0|3|0|0|9|204|2021|6|6|19|6|18|1|N
13|6|960|C|6|0|2|705|47|13|0|E0|0||86|24|82|1|3|2|6|131|1|1|9|3|0|0|0|2|0|1|0|0|0|11|277|2021|6|6|19|11|10|1|N
13|6|1355|B|1|0|1|565|68|16|0|E0|0||135|22|72|4|7|3|18|121|1|3|6|2|0|0|0|0|0|0|0|0|0|3|262|2021|6|6|19|24|44|1|N
13|6|1358|E|1|1|2|457|68|16|0|E0|0||119|16|35|4|1|2|8|85|1|1|4|2|1|0|0|0|0|0|0|0|0|3|163|2021|6|6|19|22|1|1|N
13|6|1621|B|1|0|1|738|82|16|0|E0|0||149|8|91|3|3|1|15|81|2|1|3|3|1|0|0|0|0|0|0|0|0|10|222|2021|6|6|19|25|35|1|N
13|6|1768|C|3|0|3|598|68|16|0|E0|0||100|5|69|4|1|2|6|19|1|1|5|2|1|0|0|1|0|0|0|0|0|1|118|2021|6|6|19|31|30|1|N
13|7|368|C|2|0|3|581|22|17|0|E0|0||30|19|69|6|10|0|8|98|3|2|1|1|0|0|0|0|0|0|0|0|0|7|224|2021|6|6|18|47|57|1|N
13|7|1633|E|1|1|3|432|83|18|0|E0|0||126|2|145|0|3|1|4|133|1|2|1|0|2|0|0|0|0|0|0|0|0|0|294|2021|6|6|19|29|26|1|N
13|7|1637|B|1|0|3|604|83|18|0|E0|0||132|7|207|3|1|4|2|121|7|1|4|0|1|0|0|0|0|0|0|0|0|6|364|2021|6|6|19|33|41|1|N
14|1|539|C|1|0|3|544|37|1|0|E0|0||98|116|32|0|1|1|113|41|1|2|2|1|0|0|0|0|0|0|0|0|0|9|319|2021|6|6|19|8|32|1|N
14|1|1572|C|1|0|3|459|44|1|0|E0|0||4|54|123|0|0|2|65|64|1|0|4|0|0|0|0|1|0|1|0|0|1|11|327|2021|6|6|19|14|52|1|N
14|1|1604|B|1|0|2|708|47|1|0|E0|0||54|37|103|3|30|19|79|93|6|0|8|0|0|0|0|0|0|0|0|0|0|8|386|2021|6|6|19|22|43|1|N
14|1|2203|C|8|0|2|699|84|1|0|E0|0||82|13|43|1|7|6|70|61|6|3|2|1|0|0|0|0|0|0|0|0|1|9|223|2021|6|6|19|12|20|1|N
14|1|2745|B|1|0|3|170|105|1|0|E0|0||27|28|17|1|0|2|37|7|1|1|0|0|0|0|0|0|0|0|0|0|0|0|94|2021|6|6|18|31|59|1|N
14|1|2845|B|1|0|3|267|115|1|0|E0|0||23|71|111|1|2|0|25|7|0|0|0|0|0|0|0|0|0|0|0|0|0|6|223|2021|6|6|19|15|25|1|N
14|2|1715|E|1|3|1|714|55|2|0|E0|0||43|68|23|1|2|5|132|31|5|0|9|0|0|0|0|0|0|0|0|0|0|7|283|2021|6|6|19|26|41|1|N
14|2|1898|B|1|0|3|430|66|2|0|E0|0||81|13|73|0|2|4|114|58|1|11|3|0|0|0|0|0|0|0|0|0|0|11|290|2021|6|6|19|32|55|1|N
14|2|2067|C|1|0|2|699|75|2|0|E0|0||88|122|28|1|3|45|127|41|2|0|3|1|1|0|0|0|0|0|0|0|0|9|383|2021|6|6|18|57|18|1|N
14|2|2074|C|1|0|1|581|75|2|0|E0|0||106|124|13|1|0|66|55|50|6|0|2|0|0|0|0|0|0|0|0|0|0|4|321|2021|6|6|19|17|31|1|N
14|2|2803|C|1|0|3|585|110|2|0|E0|0||116|195|37|0|1|4|79|11|15|1|7|0|0|0|0|0|0|0|0|0|0|23|373|2021|6|6|19|12|24|1|N
14|2|3648|B|1|0|3|616|55|2|0|E0|0||22|148|66|1|1|4|65|25|2|0|2|0|0|0|0|0|0|0|0|0|0|8|322|2021|6|6|19|0|8|1|N
14|3|114|C|2|0|2|609|8|3|0|E0|0||22|76|62|0|1|5|96|22|5|1|33|4|0|0|0|0|0|0|0|0|0|8|313|2021|6|6|19|5|29|1|N
14|3|117|C|4|0|1|713|8|3|0|E0|0||16|93|54|0|2|5|131|33|5|0|41|0|1|0|0|0|0|0|0|0|0|20|385|2021|6|6|19|0|26|1|N
14|3|127|B|1|0|3|515|8|3|0|E0|0||9|112|71|0|1|5|28|9|9|0|7|0|0|0|0|0|0|0|0|0|0|12|254|2021|6|6|19|17|48|1|N
14|3|1626|B|1|0|3|639|48|3|0|E0|0||32|64|54|1|0|6|68|51|3|1|3|1|0|0|0|0|0|0|0|0|0|3|255|2021|6|6|19|28|31|1|N
14|3|1649|C|2|0|2|733|50|3|0|E0|0||44|132|54|1|1|5|97|17|8|0|45|0|1|0|0|0|0|0|0|0|0|16|377|2021|6|6|19|2|57|1|N
14|3|1658|E|1|0|3|524|50|3|0|E0|0||43|192|38|0|1|1|40|13|5|0|12|0|1|0|0|0|0|0|0|0|0|4|307|2021|6|6|19|14|21|1|N
14|3|2326|C|1|0|3|434|92|3|0|E0|0||63|54|42|6|1|5|1|43|3|0|0|0|0|0|0|0|0|0|0|0|0|13|168|2021|6|6|19|15|59|1|N
14|3|2344|C|1|0|1|673|94|3|0|E0|0||93|132|42|4|0|13|60|27|17|0|6|1|2|0|0|0|0|0|0|0|0|10|314|2021|6|6|19|30|29|1|N
14|3|2358|C|2|0|1|625|94|3|0|E0|0||116|101|79|1|1|12|91|14|7|0|2|0|0|0|1|0|0|0|0|0|0|12|321|2021|6|6|19|22|31|1|N
14|3|2385|B|1|0|2|399|94|3|0|E0|0||123|94|14|1|1|6|12|11|2|0|4|1|1|0|0|0|0|0|0|0|2|4|153|2021|6|6|18|39|25|1|N
14|3|2823|B|1|0|3|301|112|3|0|E0|0||78|45|16|3|2|3|24|12|2|0|1|0|0|0|0|0|0|0|0|0|0|4|112|2021|6|6|19|17|6|1|N
14|4|3000|B|1|0|1|718|120|4|0|E0|0||59|20|28|3|0|6|44|78|8|1|7|0|0|0|0|0|0|0|2|0|0|8|205|2021|6|6|19|30|8|1|N
14|4|3015|B|1|0|1|722|120|4|0|E0|0||110|6|34|1|3|9|74|74|9|3|3|1|0|0|0|0|0|0|0|0|0|5|222|2021|6|6|19|33|40|1|N
14|4|3491|B|1|0|1|749|120|4|0|E0|0||5|133|40|2|3|7|223|64|8|3|10|4|0|0|0|0|0|0|1|0|0|6|504|2021|6|6|19|30|32|1|N
14|5|158|B|1|0|3|174|12|5|0|E0|0||2|5|21|1|0|4|96|17|2|0|0|1|0|0|0|0|0|0|0|0|0|2|149|2021|6|6|18|36|38|1|N
14|5|160|B|1|0|3|242|12|5|0|E0|0||2|4|72|0|1|2|71|14|6|1|3|0|0|0|0|0|0|0|0|0|1|8|183|2021|6|6|19|16|53|1|N
14|5|2636|C|2|0|1|563|101|5|0|E0|0||116|14|26|8|0|9|126|153|6|0|2|0|0|0|0|0|0|0|0|0|0|5|349|2021|6|6|19|33|8|1|N
14|6|2972|C|3|0|1|596|120|6|0|E0|0||62|34|25|0|3|12|125|49|7|1|5|0|0|0|0|0|0|0|0|0|1|7|269|2021|6|6|19|28|29|1|N
14|6|3233|C|3|0|2|569|120|6|0|E0|0||70|108|27|2|0|0|234|24|1|2|2|5|0|0|0|0|0|0|0|0|0|3|408|2021|6|6|19|26|55|1|N
14|6|3524|C|1|0|1|443|120|6|0|E0|0||124|48|34|0|0|5|140|39|2|0|4|0|0|0|0|0|0|0|0|0|0|1|273|2021|6|6|19|18|22|1|N
14|6|3627|C|2|0|2|570|120|6|0|E0|0||6|33|20|1|2|5|109|60|3|3|5|1|0|0|1|0|0|0|0|0|0|5|248|2021|6|6|19|31|42|1|N
14|7|2661|C|7|0|1|725|102|7|0|E0|0||42|28|67|1|4|7|45|91|11|1|7|0|0|0|0|0|0|0|0|0|0|11|273|2021|6|6|18|46|0|1|N
14|7|2678|C|2|0|1|713|102|7|0|E0|0||13|18|53|1|8|13|58|79|11|3|4|0|0|0|0|0|0|0|0|0|0|8|256|2021|6|6|19|32|17|1|N
14|7|2681|C|1|0|1|685|102|7|0|E0|0||11|10|54|4|22|7|46|83|6|2|6|1|1|0|0|0|0|0|0|0|1|8|251|2021|6|6|19|30|51|1|N
14|8|614|C|1|0|1|543|41|8|0|E0|0||103|41|48|3|6|7|66|68|1|1|11|4|0|0|1|0|0|0|0|0|0|11|268|2021|6|6|19|27|32|1|N
14|9|666|C|1|0|1|683|41|9|0|E0|0||65|44|29|2|3|5|106|78|9|3|4|1|0|0|0|0|0|0|0|7|0|5|296|2021|6|6|19|32|12|1|N
14|9|1192|C|2|0|1|605|41|9|0|E0|0||4|11|19|3|2|9|71|61|6|1|4|0|0|0|0|0|0|0|0|3|0|5|195|2021|6|6|19|11|49|1|N
14|9|1245|C|1|0|1|647|41|9|0|E0|0||29|23|32|1|2|9|95|71|7|3|8|1|1|0|0|0|0|0|0|9|0|7|269|2021|6|6|19|28|8|1|N
14|9|1286|B|1|0|1|543|41|9|0|E0|0||46|39|32|3|2|10|98|78|9|2|5|2|1|0|0|0|0|0|0|9|0|5|295|2021|6|6|19|9|42|1|N
14|10|3080|C|2|0|1|712|120|10|0|E0|0||13|122|34|1|1|1|294|27|2|0|1|4|0|0|0|0|0|0|0|0|0|3|490|2021|6|6|19|32|57|1|N
14|10|3087|C|10|0|1|699|120|10|0|E0|0||9|139|38|4|2|2|247|23|2|1|7|4|1|0|0|0|0|0|0|0|0|3|473|2021|6|6|19|21|29|1|N
14|10|3141|C|1|0|1|626|120|10|0|E0|0||39|134|33|2|1|0|222|41|1|0|1|5|2|0|0|0|0|0|0|0|0|7|449|2021|6|6|19|21|29|1|N
14|10|3150|B|1|0|1|680|120|10|0|E0|0||79|46|29|3|0|5|75|77|11|2|13|0|0|0|0|0|0|0|0|0|1|10|272|2021|6|6|19|12|3|1|N
14|10|3157|B|1|0|1|694|120|10|0|E0|0||90|37|19|3|5|4|80|68|9|4|13|0|0|0|0|0|0|0|0|0|2|6|250|2021|6|6|18|16|50|1|N
14|10|3545|B|1|0|1|541|120|10|0|E0|0||108|15|13|1|0|1|61|45|6|4|4|0|0|0|0|0|0|0|0|0|0|4|154|2021|6|6|19|3|36|1|N
14|11|728|C|2|0|1|524|41|11|0|E0|0||44|18|33|2|2|10|50|70|13|3|5|0|1|0|0|0|0|0|0|0|0|8|215|2021|6|6|19|26|42|1|N
14|11|754|B|1|0|1|376|41|11|0|E0|0||31|28|21|1|6|0|47|54|8|2|8|1|1|0|0|1|0|0|0|0|0|3|181|2021|6|6|19|11|16|1|N
14|11|948|B|1|0|1|453|41|11|0|E0|0||35|25|31|1|5|5|59|58|11|0|4|2|0|1|0|0|0|0|1|0|0|7|210|2021|6|6|19|1|15|1|N
14|11|955|B|1|0|1|395|41|11|0|E0|0||84|22|42|5|3|5|68|66|7|1|6|0|0|0|0|0|0|0|0|0|0|3|228|2021|6|6|19|0|46|1|N
14|11|1444|B|1|0|1|389|41|11|0|E0|0||88|24|23|2|0|5|48|45|6|1|2|3|0|0|0|0|0|0|0|0|0|8|167|2021|6|6|19|26|46|1|N
14|11|1480|C|1|0|1|695|41|11|0|E0|0||115|0|32|0|3|4|98|86|14|3|9|0|0|0|0|1|0|1|2|0|0|6|259|2021|6|6|19|23|2|1|N
14|11|1495|C|1|0|1|619|41|11|0|E0|0||87|37|40|2|1|7|101|79|11|3|11|0|1|0|0|0|0|0|0|0|0|5|298|2021|6|6|19|4|27|1|N
14|12|3407|C|3|0|2|676|98|12|0|E0|0||98|12|13|2|5|5|41|69|5|2|2|0|0|0|0|0|0|0|1|0|0|4|161|2021|6|6|19|16|43|1|N
14|12|3418|C|2|0|1|680|98|12|0|E0|0||68|15|19|3|1|10|91|71|7|1|2|0|1|0|0|1|0|1|0|0|1|2|226|2021|6|6|19|23|21|1|N
14|12|3421|C|5|0|2|670|98|12|0|E0|0||66|9|9|0|2|2|76|52|6|1|1|0|0|0|0|0|0|0|0|0|0|4|162|2021|6|6|19|8|54|1|N
14|12|3464|B|1|0|1|394|98|12|0|E0|0||80|14|12|1|1|3|69|56|4|0|5|1|0|0|0|0|0|0|0|0|0|7|173|2021|6|6|19|27|33|1|N
14|12|3600|B|1|0|1|732|98|12|0|E0|0||143|11|5|6|2|2|50|63|2|9|8|0|0|0|0|0|1|0|0|0|0|3|162|2021|6|6|19|31|50|1|N
14|14|830|B|1|0|1|622|41|14|0|E0|0||120|86|53|3|3|6|158|79|7|2|5|8|0|0|0|0|0|0|0|0|0|7|417|2021|6|6|19|17|15|1|N
14|14|860|C|1|0|1|391|41|14|0|E0|0||57|25|34|1|0|3|76|62|5|2|3|0|0|0|0|0|0|0|0|0|0|7|218|2021|6|6|18|51|19|1|N
14|14|886|C|1|0|1|603|41|14|0|E0|0||115|60|29|2|1|4|115|68|3|3|9|3|1|0|0|0|0|0|0|0|0|12|310|2021|6|6|19|13|9|1|N
14|14|892|B|1|0|1|611|41|14|0|E0|0||112|58|36|3|4|8|121|67|10|0|12|3|0|0|0|0|0|0|0|0|1|8|331|2021|6|6|18|43|32|1|N
14|15|163|C|1|0|1|732|13|15|0|E0|0||1|138|151|2|3|11|77|41|5|4|1|1|4|0|1|0|0|0|0|0|0|6|445|2021|6|6|18|54|4|1|N
14|15|493|E|1|0|3|159|34|15|0|E0|0||65|2|32|0|1|2|44|2|3|0|0|0|0|0|0|0|0|0|0|0|0|3|89|2021|6|6|19|7|56|1|N
14|15|1635|C|1|0|2|606|49|15|0|E0|0||67|43|19|0|17|0|112|87|4|1|2|0|0|0|0|0|0|0|0|0|0|7|292|2021|6|6|18|59|7|1|N
14|15|1851|B|1|0|1|632|65|15|0|E0|0||79|22|29|1|7|7|79|134|1|2|4|0|0|0|0|0|0|0|0|0|1|5|292|2021|6|6|19|26|35|1|N
14|15|1871|S|1|0|1|0|65|15|0|E0|0||91|76|41|4|2|8|90|121|7|1|4|4|0|0|0|0|0|0|0|0|0|0|358|2021|6|6|19|31|3|1|N
14|15|1914|B|1|0|1|384|68|15|0|E0|0||113|13|37|0|0|0|98|46|3|0|4|0|0|0|0|0|0|0|0|0|0|3|204|2021|6|6|19|19|49|1|N
14|15|2761|E|1|0|3|614|106|15|0|E0|0||132|46|76|1|0|3|106|33|75|5|0|0|1|0|0|0|0|0|0|0|2|7|355|2021|6|6|19|12|2|1|N
14|16|2563|C|5|0|2|707|99|16|0|E0|0||83|19|29|0|6|5|28|46|8|7|4|0|1|0|0|0|1|0|0|0|0|4|158|2021|6|6|18|53|19|1|N
14|16|2563|C|7|0|2|707|99|16|0|E0|0||83|11|30|0|7|6|34|45|14|4|2|0|0|0|0|1|0|0|1|0|0|3|158|2021|6|6|19|6|24|1|N
14|17|2768|C|1|0|2|632|108|17|0|E0|0||102|31|23|3|18|60|160|58|35|1|33|1|0|0|0|0|0|0|0|0|0|8|431|2021|6|6|19|22|13|1|N
14|17|2898|E|1|0|3|363|119|17|0|E0|0||11|6|30|0|1|20|81|53|2|0|4|0|0|0|1|0|0|0|0|0|0|3|201|2021|6|6|18|59|34|1|N
14|18|70|B|1|0|1|514|6|18|0|E0|0||14|4|19|5|1|5|93|119|3|0|5|0|0|0|0|0|0|0|0|0|0|0|254|2021|6|6|19|23|17|1|N
14|18|72|B|1|0|2|574|6|18|0|E0|0||16|30|44|5|6|4|95|73|2|1|4|1|0|0|0|0|0|0|0|0|0|4|269|2021|6|6|19|2|11|1|N
14|19|1907|B|1|0|3|511|67|19|0|E0|0||64|6|144|1|2|4|96|40|4|0|2|0|2|0|0|0|1|0|0|0|0|14|316|2021|6|6|19|2|10|1|S
14|20|3|B|1|0|1|569|1|20|0|E0|0||2|116|31|1|7|6|50|32|10|2|16|0|2|0|0|0|0|0|0|0|0|15|288|2021|6|6|19|29|59|1|N
14|20|2036|C|1|0|1|716|72|20|0|E0|0||36|8|121|1|6|3|53|78|7|1|1|0|0|0|0|0|0|0|0|0|0|7|286|2021|6|6|19|4|2|1|N
14|20|2728|E|1|8|2|724|102|20|0|E0|0||71|21|42|1|6|5|28|54|8|1|4|1|0|0|0|0|0|0|1|0|0|0|172|2021|6|6|19|12|17|1|N
14|20|3285|C|2|0|1|727|124|20|0|E0|0||102|55|117|2|4|3|73|62|9|2|9|3|1|0|0|0|0|0|0|0|1|10|351|2021|6|6|19|19|2|1|N
14|20|3288|C|1|0|1|602|124|20|0|E0|0||104|31|68|2|4|6|60|77|6|1|12|1|0|0|0|0|0|0|0|0|0|8|276|2021|6|6|19|22|39|1|N
14|20|3291|C|1|0|3|606|124|20|0|E0|0||107|20|55|3|66|3|85|28|3|2|18|0|0|0|0|0|0|0|0|0|0|13|296|2021|6|6|19|32|55|1|N
15|2|2244|C|3|0|2|630|45|12|0|E0|0||2|42|78|4|40|34|8|152|18|39|18|2|2|0|0|0|0|0|0|0|0|5|442|2021|6|6|19|18|58|1|N
15|2|5458|B|1|0|1|632|109|19|0|E0|0||25|7|23|74|3|4|6|159|5|6|3|3|0|0|0|1|0|0|1|0|0|11|306|2021|6|6|19|20|10|1|N
15|2|5473|C|5|0|1|717|109|19|0|E0|0||41|42|43|38|5|9|12|176|4|9|10|4|0|0|1|0|0|0|0|0|0|6|359|2021|6|6|19|13|24|1|N
15|2|5592|B|1|0|1|434|110|38|0|E0|0||87|21|43|16|3|9|23|115|4|3|4|1|0|0|0|2|1|0|1|0|0|5|251|2021|6|6|19|25|23|1|N
15|2|5607|C|2|0|1|522|110|38|0|E0|0||87|21|56|29|1|11|15|122|2|0|1|3|0|0|0|0|0|0|2|0|0|4|267|2021|6|6|19|20|49|1|N
15|3|2368|E|1|0|3|480|49|13|0|E0|0||110|17|136|1|4|4|6|117|7|8|12|1|0|0|0|0|0|0|0|0|0|4|317|2021|6|6|19|31|58|1|N
15|3|3873|C|1|0|3|541|65|13|0|E0|0||130|0|0|0|0|0|35|0|5|3|41|133|0|0|0|124|0|0|0|0|0|15|356|2021|6|6|19|26|24|1|N
15|4|3773|C|2|0|1|604|61|44|0|E0|0||37|38|93|1|5|13|11|139|11|4|7|0|0|0|0|0|0|0|0|0|0|18|340|2021|6|6|19|14|25|1|N
15|4|3795|C|3|0|3|745|61|44|0|E0|0||5|67|74|4|1|12|3|110|12|16|20|0|0|0|0|0|0|0|0|0|0|11|330|2021|6|6|19|24|2|1|N
15|4|3808|C|5|0|1|654|61|44|0|E0|0||20|69|93|9|5|9|8|128|6|18|10|0|0|0|0|0|0|0|1|0|0|3|359|2021|6|6|19|5|39|1|N
15|4|3818|B|1|0|3|622|61|44|0|E0|0||13|38|85|4|8|7|11|170|5|7|1|0|0|0|0|0|0|0|0|0|1|8|345|2021|6|6|19|19|35|1|N
15|4|3822|B|1|0|1|679|61|44|0|E0|0||52|43|90|5|2|7|5|117|10|5|5|0|0|0|0|0|0|0|0|0|1|14|304|2021|6|6|19|33|1|1|N
15|5|487|C|2|0|1|576|16|39|0|E0|0||42|97|118|11|28|5|9|109|1|4|18|0|0|0|0|0|0|1|2|0|0|12|415|2021|6|6|19|15|29|1|N
15|5|3883|C|1|0|1|692|66|39|0|E0|0||58|81|148|32|5|33|4|141|5|0|0|0|0|0|0|0|0|2|0|0|0|15|466|2021|6|6|19|33|24|1|N
15|5|4528|B|1|0|1|670|93|39|0|E0|0||95|78|111|2|14|5|31|141|22|17|7|0|0|0|0|1|0|0|1|0|1|10|441|2021|6|6|19|30|47|1|N
15|5|4544|B|1|0|3|117|93|39|0|E0|0||102|13|36|2|2|1|8|14|1|3|3|0|0|0|0|0|0|0|0|0|0|8|91|2021|6|6|19|22|50|1|N
15|5|6541|B|1|0|1|634|2|39|0|E0|0||32|34|99|2|3|7|3|149|8|2|4|0|0|0|0|0|0|0|0|0|0|8|319|2021|6|6|19|27|6|1|N
15|7|731|C|4|0|1|724|25|43|0|E0|0||39|85|40|2|6|34|16|141|7|8|4|11|0|0|0|0|0|0|0|0|1|4|359|2021|6|6|19|27|28|1|N
15|7|6198|C|2|0|1|517|25|43|0|E0|0||53|78|66|6|5|17|13|117|2|1|9|4|0|0|0|0|0|0|0|0|1|5|324|2021|6|6|19|25|40|1|N
15|9|4102|B|1|0|3|484|124|13|0|E0|0||57|33|63|0|6|67|1|85|3|1|6|0|2|0|0|0|0|0|0|0|0|17|284|2021|6|6|19|29|50|1|N
15|9|6596|B|1|0|3|526|75|15|0|E0|0||30|5|108|4|1|1|166|62|10|1|2|0|0|0|0|0|0|0|0|0|0|6|366|2021|6|6|19|29|26|1|N
15|10|1742|C|1|0|1|671|34|6|0|E0|0||106|12|76|13|1|5|7|163|9|3|4|0|0|0|0|0|0|0|0|0|0|11|304|2021|6|6|19|33|33|1|N
15|10|1778|C|1|0|1|675|34|6|0|E0|0||64|15|69|12|8|6|5|117|3|1|4|0|0|0|0|0|0|0|0|0|1|10|251|2021|6|6|19|19|53|1|N
15|10|1784|B|1|0|1|643|34|6|0|E0|0||61|6|71|17|3|7|5|109|1|0|7|0|0|0|0|0|0|0|0|0|0|14|240|2021|6|6|19|11|25|1|N
15|10|1784|C|4|0|1|642|34|6|0|E0|0||61|14|73|11|2|1|7|131|5|2|1|0|0|0|0|0|0|0|0|0|0|10|257|2021|6|6|19|16|11|1|N
15|10|1809|B|1|0|1|528|34|6|0|E0|0||39|17|107|12|2|5|6|161|0|0|3|0|0|0|0|0|0|0|0|0|0|11|324|2021|6|6|19|19|36|1|N
15|11|1323|B|1|0|1|637|34|21|0|E0|0||20|28|76|55|3|5|7|134|2|3|5|0|0|0|0|0|0|0|0|0|1|13|332|2021|6|6|19|19|58|1|N
15|11|1339|C|4|0|1|647|34|21|0|E0|0||27|9|104|13|1|13|3|125|5|3|3|0|0|0|0|0|0|0|0|0|2|6|287|2021|6|6|19|0|27|1|N
15|11|1361|C|4|0|1|667|34|37|0|E0|0||82|9|74|5|3|7|8|140|2|2|5|0|0|0|0|0|0|0|0|0|0|6|261|2021|6|6|19|17|29|1|N
15|11|1362|C|7|0|1|728|34|37|0|E0|0||91|6|68|6|5|3|3|162|6|2|7|0|0|0|0|0|0|0|0|0|0|11|279|2021|6|6|19|21|20|1|N
15|11|6013|C|2|0|1|585|34|8|0|E0|0||93|42|74|10|6|13|11|128|5|2|5|0|0|0|0|0|0|0|0|0|1|5|302|2021|6|6|19|26|5|1|N
15|11|6023|C|1|0|1|447|34|21|0|E0|0||37|26|59|2|0|4|8|151|1|2|7|0|0|0|0|0|0|0|0|0|1|12|273|2021|6|6|19|3|54|1|N
15|13|1536|C|2|0|1|623|34|22|0|E0|0||61|23|69|4|9|5|11|128|3|5|4|0|0|0|0|0|0|0|0|0|0|11|272|2021|6|6|19|5|57|1|N
15|13|1622|C|1|0|1|381|34|42|0|E0|0||108|27|61|6|6|10|7|84|0|2|3|0|0|0|0|0|0|0|0|0|0|4|210|2021|6|6|19|21|12|1|N
15|13|1918|B|1|0|1|506|34|8|0|E0|0||51|40|88|9|4|17|9|101|5|0|5|0|0|0|0|0|0|0|0|0|0|11|289|2021|6|6|19|8|43|1|N
15|15|361|B|1|0|1|573|13|16|0|E0|0||65|80|43|6|7|25|4|114|5|5|14|4|0|0|0|0|0|0|0|0|0|6|313|2021|6|6|19|31|29|1|N
15|17|1408|C|1|0|1|746|34|22|0|E0|0||1|16|66|22|9|12|8|164|5|3|3|0|0|0|0|0|0|0|0|0|0|10|318|2021|6|6|19|3|43|1|N
15|17|1454|C|1|0|1|584|34|22|0|E0|0||35|31|63|4|2|4|6|122|1|0|3|0|0|0|0|0|0|0|0|0|0|10|246|2021|6|6|19|33|58|1|N
15|17|1647|C|2|0|1|593|34|22|0|E0|0||6|18|83|13|5|10|11|98|2|4|2|0|0|0|0|0|0|0|0|0|1|11|258|2021|6|6|19|2|41|1|N
15|17|1682|C|2|0|1|521|34|42|0|E0|0||70|23|84|6|1|10|5|90|4|0|4|0|0|0|0|0|0|0|0|0|0|9|236|2021|6|6|19|32|36|1|N
15|17|1690|B|1|0|1|520|34|22|0|E0|0||16|18|80|11|4|9|12|98|2|7|6|0|0|0|0|0|0|0|0|0|0|17|264|2021|6|6|18|40|25|1|N
15|18|3913|C|2|0|2|617|68|45|0|E0|0||104|90|68|66|6|3|6|88|5|1|0|0|0|0|0|0|0|0|0|0|0|12|345|2021|6|6|18|47|46|1|N
15|19|4932|B|1|0|1|425|105|18|0|E0|0||76|29|48|0|3|9|12|98|0|2|3|3|0|0|0|0|0|0|0|0|0|4|211|2021|6|6|19|1|50|1|N
15|19|4947|C|1|0|1|712|105|18|0|E0|0||67|168|87|10|7|12|17|103|3|1|8|6|2|1|0|0|0|0|0|0|1|8|434|2021|6|6|19|14|46|1|N
15|19|5129|C|2|0|1|613|105|26|0|E0|0||90|55|65|3|4|7|7|159|1|4|12|2|0|0|0|0|0|0|0|0|1|5|325|2021|6|6|19|25|44|1|N
15|20|3144|B|1|0|1|525|60|24|0|E0|0||37|17|39|21|1|6|52|99|1|1|3|3|0|0|0|0|0|0|0|0|0|12|255|2021|6|6|19|30|0|1|N
15|20|3153|B|1|0|1|581|60|24|0|E0|0||43|17|46|16|0|4|97|115|2|1|7|1|1|0|0|0|0|0|0|0|0|7|314|2021|6|6|19|18|35|1|N
15|20|3164|C|1|0|1|629|60|24|0|E0|0||14|19|43|25|12|5|53|150|4|0|4|4|0|0|0|0|0|0|0|0|0|10|329|2021|6|6|18|59|12|1|N
15|20|3170|C|1|0|1|540|60|24|0|E0|0||19|27|48|22|2|8|49|121|3|0|1|2|1|0|0|0|0|0|0|0|0|9|293|2021|6|6|18|44|17|1|N
15|20|3172|C|1|0|1|585|60|24|0|E0|0||17|24|42|24|5|6|39|100|7|1|4|2|0|0|0|0|0|0|0|0|0|4|258|2021|6|6|19|32|57|1|N
15|20|3207|C|1|0|1|512|60|24|0|E0|0||48|42|67|20|1|9|51|136|5|2|4|8|0|0|0|0|0|0|0|0|1|7|353|2021|6|6|18|47|49|1|N
15|20|3215|C|1|0|1|564|60|24|0|E0|0||51|98|73|16|3|3|33|79|1|1|0|6|1|1|0|0|0|0|0|0|0|2|317|2021|6|6|19|2|28|1|N
15|20|3242|C|2|0|1|558|60|24|0|E0|0||80|11|40|23|5|7|78|109|1|3|3|0|0|0|1|0|0|0|0|0|0|16|297|2021|6|6|19|2|3|1|N
15|20|3354|C|1|0|1|609|60|24|0|E0|0||104|15|49|20|4|18|52|113|4|2|3|2|0|0|0|0|0|0|0|0|0|5|287|2021|6|6|18|40|39|1|N
15|21|2382|C|2|0|1|538|51|28|0|E0|0||67|33|112|8|6|29|42|114|8|9|6|0|0|0|0|0|0|0|0|0|0|14|381|2021|6|6|19|24|40|1|N
15|21|4743|C|1|0|2|597|104|28|0|E0|0||45|4|63|41|4|55|50|87|8|10|4|0|0|0|0|0|0|0|0|0|0|11|337|2021|6|6|18|59|28|1|N
15|22|2572|C|1|0|1|539|58|32|0|E0|0||69|49|74|3|7|4|13|112|2|4|6|0|0|0|0|0|0|0|0|0|0|12|286|2021|6|6|19|10|38|1|N
15|22|2729|B|1|0|1|681|58|29|0|E0|0||37|325|69|0|4|3|11|42|0|1|3|0|0|0|0|0|0|0|0|0|0|9|467|2021|6|6|19|7|18|1|N
15|22|2730|B|1|0|1|577|58|29|0|E0|0||40|281|36|2|1|2|11|44|1|3|3|0|0|0|0|0|0|0|0|0|1|9|394|2021|6|6|19|29|43|1|N
15|23|4143|C|1|0|3|702|52|4|0|E0|0||31|78|123|4|3|7|3|84|2|0|4|0|0|0|0|0|0|0|0|0|0|9|317|2021|6|6|18|52|34|1|N
15|23|4702|C|1|0|1|587|102|4|0|E0|0||83|56|144|6|7|52|2|88|1|8|15|0|0|0|0|0|0|0|0|0|0|6|385|2021|6|6|19|28|15|1|N
15|24|2636|C|2|0|1|675|58|30|0|E0|0||129|40|41|1|2|6|17|100|29|0|6|2|2|0|0|0|0|0|2|0|0|0|248|2021|6|6|19|20|0|1|N
15|24|2647|C|3|0|1|585|58|30|0|E0|0||99|38|47|4|8|7|9|97|10|2|3|0|0|0|0|0|0|0|0|0|2|9|236|2021|6|6|19|24|7|1|N
15|24|2658|C|1|0|1|592|58|30|0|E0|0||113|43|50|2|4|6|18|83|17|1|3|4|0|0|0|0|8|0|1|0|0|8|248|2021|6|6|19|31|40|1|N
15|24|2971|C|2|0|1|697|58|30|0|E0|0||38|44|34|2|8|4|27|141|9|3|5|0|0|0|0|0|0|0|0|0|0|8|285|2021|6|6|19|30|17|1|N
15|26|6448|C|1|0|1|446|107|2|0|E0|0||105|116|86|5|5|6|7|51|3|0|4|2|1|0|0|2|0|0|0|0|1|4|293|2021|6|6|19|7|17|1|N
15|26|6450|B|1|0|1|453|107|2|0|E0|0||102|60|81|8|4|15|13|88|2|2|8|1|1|0|0|0|0|0|1|0|1|9|294|2021|6|6|19|31|34|1|N
15|28|5900|B|1|0|2|707|121|20|0|E0|0||85|40|69|16|2|3|4|99|0|3|2|0|0|0|0|0|0|0|0|0|0|12|250|2021|6|6|18|43|47|1|N
15|29|3082|C|2|0|1|551|60|25|0|E0|0||108|27|48|20|4|7|55|110|4|2|7|2|0|0|0|0|0|0|0|0|0|0|286|2021|6|6|18|27|28|1|N
15|29|3360|B|1|0|1|531|60|25|0|E0|0||70|26|37|10|1|4|56|110|3|2|5|2|2|0|0|0|0|0|0|0|0|4|262|2021|6|6|19|32|31|1|N
15|31|1263|C|1|0|1|588|60|41|0|E0|0||81|7|44|8|4|1|53|132|1|1|1|0|0|0|1|0|0|0|0|0|0|10|263|2021|6|6|19|31|55|1|N
15|31|3578|B|1|0|1|462|60|41|0|E0|0||58|8|42|5|4|7|51|98|1|3|1|0|0|0|1|0|0|0|0|0|0|14|235|2021|6|6|19|16|45|1|N
15|31|3677|B|1|0|1|526|60|41|0|E0|0||88|16|46|24|2|6|43|112|5|4|2|1|0|0|0|0|0|0|0|0|0|8|269|2021|6|6|19|21|14|1|N
15|31|3683|C|1|0|1|571|60|41|0|E0|0||68|6|41|11|2|7|48|137|1|2|6|0|0|0|0|0|0|0|0|0|0|11|272|2021|6|6|19|25|33|1|N
15|31|3700|C|1|0|1|529|60|41|0|E0|0||92|19|62|18|3|5|38|121|5|4|3|0|0|0|0|0|0|0|0|0|0|10|288|2021|6|6|19|21|15|1|N
15|31|3701|B|1|0|1|398|60|41|0|E0|0||93|7|27|13|5|7|58|104|2|1|1|0|0|0|0|0|0|0|0|0|0|10|235|2021|6|6|19|23|38|1|N
15|32|998|B|1|0|1|717|122|27|0|E0|0||82|17|52|39|14|33|4|144|4|5|6|3|0|0|0|1|0|0|4|0|0|14|340|2021|6|6|19|29|21|1|N
15|34|5314|C|1|0|1|521|107|34|0|E0|0||45|64|97|2|4|6|10|87|3|0|9|3|3|1|0|0|0|0|0|0|1|10|300|2021|6|6|19|25|9|1|N
15|34|5332|C|1|0|1|684|107|36|0|E0|0||88|47|125|5|9|15|8|147|12|3|7|2|1|0|1|0|1|0|1|0|0|8|392|2021|6|6|19|30|43|1|N
15|35|645|E|1|0|3|293|21|9|0|E0|0||4|7|89|2|30|3|2|30|3|3|6|2|1|0|0|0|0|0|1|0|0|5|184|2021|6|6|19|23|24|1|N
15|35|2439|B|1|0|3|676|53|7|0|E0|0||42|18|105|36|12|94|10|77|17|11|1|2|0|0|0|0|0|0|0|0|0|18|401|2021|6|6|19|32|28|1|N
15|37|4584|B|1|0|2|580|96|12|0|E0|0||112|31|35|3|4|19|73|126|13|20|7|0|0|0|0|0|0|0|0|0|0|13|344|2021|6|6|19|16|25|1|N
15|38|4615|C|1|0|1|650|100|23|0|E0|0||35|14|86|8|1|71|5|139|3|4|1|0|0|0|0|0|0|0|0|0|0|11|343|2021|6|6|18|53|29|1|N
15|38|4617|C|1|0|1|670|100|23|0|E0|0||40|20|65|7|2|45|2|146|5|1|5|0|0|0|0|0|0|0|0|0|0|8|306|2021|6|6|18|54|35|1|N
15|38|4622|B|1|0|1|525|100|23|0|E0|0||42|49|83|9|0|74|4|109|2|1|4|0|0|0|0|0|0|0|0|0|1|9|345|2021|6|6|19|22|56|1|N
15|38|4638|B|1|0|1|443|100|23|0|E0|0||52|47|86|11|2|39|8|75|5|2|14|0|0|0|0|0|0|0|0|0|0|4|293|2021|6|6|19|23|25|1|N
15|39|3955|C|3|0|1|587|71|31|0|E0|0||22|7|116|8|9|4|9|102|5|2|30|5|0|0|0|0|0|0|1|0|0|9|307|2021|6|6|19|4|41|1|N
15|40|110|C|1|0|3|582|5|45|0|E0|0||13|12|135|5|30|86|8|66|11|4|13|0|0|0|0|0|0|0|0|0|0|12|382|2021|6|6|19|22|29|1|N
15|40|120|C|1|0|1|709|5|45|0|E0|0||27|26|101|8|11|76|4|128|18|3|14|0|0|0|0|0|0|0|0|0|2|12|403|2021|6|6|19|31|7|1|N
15|40|4405|E|1|1|3|438|88|45|0|E0|0||53|19|81|3|6|10|27|80|10|3|4|0|0|0|0|0|0|0|0|0|0|10|253|2021|6|6|19|22|52|1|N
15|40|5835|C|1|0|2|656|119|36|0|E0|0||86|43|124|2|6|45|8|108|8|8|14|1|2|0|0|0|0|0|0|0|0|13|382|2021|6|6|19|24|4|1|N
15|41|4208|C|7|0|2|689|82|33|0|E0|0||18|67|106|0|4|4|7|110|1|5|7|1|2|0|0|1|0|0|0|0|0|5|320|2021|6|6|19|31|2|1|N
15|41|4229|C|4|0|1|611|82|33|0|E0|0||55|94|94|3|4|5|12|163|6|2|1|0|2|1|0|0|0|0|2|0|1|10|400|2021|6|6|19|30|47|1|N
15|41|6343|C|1|0|1|540|82|33|0|E0|0||121|43|76|2|1|27|6|113|2|1|2|1|1|0|0|1|0|1|1|0|0|6|284|2021|6|6|19|29|27|1|N
15|41|6546|B|1|0|1|261|82|33|0|E0|0||78|29|60|2|4|5|3|69|1|1|4|4|0|0|0|0|0|0|0|0|0|4|186|2021|6|6|19|10|15|1|N
15|41|6567|B|1|0|1|564|82|33|0|E0|0||94|46|96|3|4|8|10|103|3|3|10|1|0|1|0|0|0|0|0|0|0|7|295|2021|6|6|19|26|10|1|N
16|2|583|B|1|0|1|404|36|2|0|E0|0||43|23|16|45|9|24|7|87|4|1|1|1|1|0|1|0|0|0|0|0|0|17|237|2021|6|6|19|19|5|1|N
16|2|1510|B|1|0|3|298|68|2|0|E0|0||86|5|21|23|6|5|2|44|32|3|2|1|1|0|0|0|0|0|0|0|0|8|153|2021|6|6|18|39|33|1|N
16|2|1603|B|1|0|1|621|72|2|0|E0|0||107|19|74|16|19|18|26|64|10|1|6|2|0|0|0|0|0|0|0|0|0|15|270|2021|6|6|18|58|22|1|N
16|3|2123|C|2|0|3|590|99|18|0|E0|0||70|10|25|56|13|97|2|79|6|0|20|5|0|0|0|0|0|0|2|0|0|20|335|2021|6|6|19|31|2|1|N
16|5|674|B|1|0|1|535|42|1|0|E0|0||69|32|112|41|21|3|0|77|1|2|15|0|8|0|1|0|0|0|0|0|0|10|323|2021|6|6|19|24|24|1|N
16|5|1586|C|1|0|3|419|70|1|0|E0|0||21|14|10|11|5|3|3|55|0|1|7|0|0|0|0|0|0|0|0|0|0|1|110|2021|6|6|18|50|11|1|N
16|5|2375|B|1|0|1|673|107|1|0|E0|0||13|21|42|10|3|12|84|131|50|1|19|2|0|0|0|0|0|0|0|0|0|19|394|2021|6|6|19|15|42|1|N
16|6|905|B|1|0|3|613|52|3|0|E0|0||56|16|14|36|5|21|0|85|1|1|5|5|0|0|0|0|0|0|0|0|0|11|200|2021|6|6|19|22|38|1|N
16|6|907|E|1|0|3|179|52|3|0|E0|0||52|3|11|27|4|9|1|45|1|1|3|0|0|0|0|0|0|0|0|0|0|6|111|2021|6|6|18|45|14|1|N
16|6|914|E|1|0|3|643|52|3|0|E0|0||53|6|8|75|13|12|5|66|1|4|7|3|0|0|0|0|0|0|0|0|0|11|211|2021|6|6|19|10|55|1|N
16|7|691|C|1|0|1|505|43|7|0|E0|0||39|17|50|3|18|17|14|77|3|1|0|3|1|0|2|0|0|0|0|0|0|9|215|2021|6|6|19|17|37|1|N
16|7|1454|C|1|0|3|628|66|5|0|E0|0||74|17|19|32|5|24|5|131|8|1|25|0|0|0|0|0|0|0|0|0|0|11|278|2021|6|6|19|25|10|1|N
16|7|2043|B|1|0|2|678|95|7|0|E0|0||111|17|98|136|1|5|33|49|3|1|5|0|0|1|0|0|0|0|0|0|0|14|363|2021|6|6|19|18|37|1|N
16|9|2221|B|1|0|1|633|103|14|0|E0|0||48|115|40|47|5|9|2|81|4|6|5|3|1|0|0|0|0|0|0|46|0|6|370|2021|6|6|19|16|52|1|N
16|9|2257|B|1|0|1|414|103|14|0|E0|0||51|66|17|34|11|9|9|62|1|2|0|1|0|0|2|0|0|0|0|30|0|3|247|2021|6|6|19|19|57|1|N
16|9|2302|C|1|0|1|376|103|14|0|E0|0||2|12|9|36|5|3|0|81|2|0|6|1|1|1|0|0|0|0|0|0|0|4|161|2021|6|6|19|17|10|1|N
16|10|1033|B|1|0|1|530|54|11|0|E0|0||52|55|32|25|17|17|9|89|1|1|4|2|0|0|0|0|0|0|0|0|0|6|258|2021|6|6|19|19|41|1|N
16|12|210|B|1|0|3|571|12|21|0|E0|0||68|5|10|16|7|6|0|153|2|1|38|0|0|0|1|0|0|0|1|0|1|9|250|2021|6|6|19|5|55|1|N
16|12|241|C|1|0|2|474|15|21|0|E0|0||83|17|28|37|40|15|34|50|1|1|2|0|0|0|0|0|0|0|5|0|0|14|244|2021|6|6|19|22|48|1|N
17|2|403|S|1|0|1|0|8|8|0|E0|0||35|195|94|5|6|12|13|181|13|8|9|0|0|0|0|0|0|0|4|0|0|23|563|2021|6|6|19|6|57|1|N
17|2|789|C|1|0|2|496|28|8|0|E0|0||23|22|54|16|19|12|13|99|1|24|14|0|0|0|0|0|0|0|0|0|0|13|287|2021|6|6|19|10|50|1|N
17|3|38|C|2|0|2|623|3|11|0|E0|0||5|7|18|9|43|25|31|90|26|32|9|0|0|0|0|0|0|0|0|0|0|15|305|2021|6|6|19|29|34|1|N
17|3|134|B|1|0|1|519|6|7|0|E0|0||91|19|42|9|17|4|39|99|17|6|6|0|0|0|0|0|0|0|0|0|0|7|265|2021|6|6|19|14|27|1|N
17|3|713|B|1|0|1|554|24|10|0|E0|0||56|27|41|5|25|3|9|128|43|7|9|0|0|0|0|0|0|0|0|0|0|15|312|2021|6|6|19|2|14|1|N
17|4|621|C|2|0|1|506|18|5|0|E0|0||68|43|11|2|36|5|7|59|5|40|20|0|0|0|0|0|0|0|0|0|0|6|234|2021|6|6|19|26|12|1|N
17|4|644|B|1|0|2|715|18|5|0|E0|0||86|5|14|6|63|9|25|79|3|18|38|0|0|0|0|0|0|0|0|0|0|17|277|2021|6|6|19|22|55|1|N
17|5|822|B|1|0|1|660|29|12|0|E0|0||46|24|17|7|4|10|19|84|6|36|43|0|0|0|0|0|0|0|0|0|0|28|278|2021|6|6|19|22|0|1|N
17|5|823|B|1|0|1|614|29|12|0|E0|0||110|17|27|3|5|14|5|91|8|26|42|0|0|0|0|0|0|0|0|0|0|11|249|2021|6|6|18|48|16|1|N
17|5|828|B|1|0|1|658|29|12|0|E0|0||84|28|59|10|4|41|13|123|5|19|27|0|0|0|0|0|0|0|0|0|0|16|345|2021|6|6|19|29|22|1|N
19|1|2053|C|5|0|1|744|48|19|0|E0|0||69|235|30|2|5|5|53|45|1|1|11|0|0|0|0|0|0|0|0|0|1|5|394|2021|6|6|18|54|39|1|N
19|2|88|C|2|0|1|669|6|16|0|E0|0||76|58|117|0|8|6|71|62|2|2|4|0|0|0|0|0|0|0|1|0|0|5|336|2021|6|6|19|9|33|1|N
19|2|2713|B|1|0|2|647|42|5|0|E0|0||111|51|24|3|1|4|35|73|0|0|1|0|0|0|0|2|0|0|0|0|0|9|203|2021|6|6|19|31|24|1|N
19|3|2162|C|1|0|1|638|21|25|0|E0|0||25|40|64|1|5|7|61|50|3|1|2|0|0|0|0|0|0|0|0|0|0|8|242|2021|6|6|19|0|16|1|N
19|4|1770|C|2|0|1|660|47|10|0|E0|0||45|192|48|1|4|3|67|49|2|1|2|0|0|0|0|0|0|0|0|0|1|5|375|2021|6|6|19|16|23|1|N
19|7|2717|B|1|0|1|312|40|20|0|E0|0||173|96|45|1|1|0|61|14|1|1|2|0|0|0|0|0|0|0|0|0|0|0|222|2021|6|6|18|58|5|1|N
19|7|2854|C|2|0|1|598|12|21|0|E0|0||86|49|22|1|0|39|28|32|2|3|8|0|0|0|0|1|0|0|0|0|0|0|185|2021|6|6|19|31|59|1|N
19|8|2224|B|1|0|1|519|6|7|0|E0|0||4|45|101|1|1|8|68|35|2|0|8|0|0|0|0|1|0|0|0|0|0|5|275|2021|6|6|19|26|22|1|N
19|8|2254|C|1|0|1|376|6|7|0|E0|0||27|40|86|4|4|8|37|33|6|0|3|0|0|0|0|0|0|0|1|0|0|2|224|2021|6|6|19|8|53|1|N
19|10|1430|B|1|0|1|351|40|8|0|E0|0||157|100|129|1|1|3|42|8|0|0|1|0|0|0|0|0|0|0|0|0|0|3|288|2021|6|6|19|15|19|1|N
19|11|547|B|1|0|1|749|26|15|0|E0|0||31|156|108|0|5|8|55|62|6|4|4|0|0|0|0|0|0|0|2|0|0|8|418|2021|6|6|19|25|4|1|N
20|1|1048|E|1|0|2|352|182|2|0|E0|0||47|4|35|1|14|4|18|124|4|0|4|0|0|0|0|0|0|0|0|0|0|12|220|2021|6|6|19|3|38|1|N
20|1|1258|E|1|0|3|447|232|3|0|E0|0||36|76|56|5|1|13|6|166|11|21|13|0|0|0|0|0|0|0|1|0|1|12|382|2021|6|6|19|18|36|1|N
20|2|59|C|3|0|2|588|7|5|0|E0|0||3|61|66|27|22|21|26|135|3|14|16|1|0|0|0|0|0|0|0|0|0|12|404|2021|6|6|19|2|48|1|N
20|2|129|B|1|0|3|120|22|4|0|E0|0||10|0|33|3|0|0|0|43|1|1|1|0|0|0|0|0|0|0|0|0|0|1|83|2021|6|6|19|20|18|1|N
20|2|192|B|1|0|2|725|33|12|0|E0|0||16|7|34|6|6|4|5|150|2|3|10|0|0|0|0|0|0|0|0|0|0|4|231|2021|6|6|18|56|11|1|N
20|3|217|C|3|0|1|741|37|6|0|E0|0||73|34|57|9|10|23|7|120|2|5|12|1|2|0|0|0|0|0|2|0|1|9|294|2021|6|6|19|6|52|1|N
20|3|1901|E|1|0|3|166|428|5|0|E0|0||44|1|19|5|10|3|3|35|1|1|2|1|0|0|1|0|0|0|0|0|0|10|92|2021|6|6|19|31|49|1|N
20|3|1996|B|1|0|3|400|463|6|0|E0|0||58|10|25|2|45|7|5|80|1|3|26|0|1|0|0|0|0|0|0|0|0|5|210|2021|6|6|19|26|8|1|N
20|4|934|C|1|0|1|585|161|17|0|E0|0||12|6|26|1|14|2|2|151|2|2|2|1|0|0|1|0|1|0|2|0|0|6|219|2021|6|6|19|23|42|1|N
20|4|935|B|1|0|1|391|161|17|0|E0|0||12|2|25|4|6|0|2|97|2|0|0|0|1|0|0|0|0|0|2|0|1|5|147|2021|6|6|19|25|53|1|N
20|7|185|C|1|0|1|421|30|20|0|E0|0||5|2|78|5|15|12|7|180|5|1|25|4|2|1|0|0|0|0|0|0|0|8|345|2021|6|6|19|32|19|1|N
20|7|1894|E|1|0|2|376|427|11|0|E0|0||69|2|77|1|6|0|3|196|3|2|1|1|0|0|0|1|0|0|3|0|0|2|298|2021|6|6|19|16|54|1|N
20|8|471|E|1|0|1|530|66|14|0|E0|0||10|12|59|2|7|1|5|145|6|4|19|4|1|0|1|1|0|0|1|0|0|3|271|2021|6|6|19|32|24|1|N
20|8|2476|B|1|0|1|659|66|14|0|E0|0||8|17|62|2|15|4|6|145|11|4|20|0|1|0|0|0|0|1|3|0|0|16|307|2021|6|6|19|25|40|1|N
20|9|2267|C|1|0|1|551|530|23|0|E0|0||111|0|124|7|2|0|2|235|2|4|1|1|0|0|1|1|0|0|0|0|0|9|389|2021|6|6|19|25|49|1|N
20|10|1276|B|1|0|2|563|236|24|0|E0|0||33|33|101|5|13|5|2|49|3|1|5|1|3|0|0|0|0|0|0|0|0|14|235|2021|6|6|19|32|43|1|N
21|2|461|B|1|0|1|626|54|3|0|E0|0||12|27|160|4|11|35|5|105|9|5|18|2|5|0|2|0|0|0|2|0|0|16|406|2021|6|6|19|30|31|1|N
21|2|2484|B|1|0|3|628|208|3|0|E0|0||32|17|87|4|5|13|6|123|15|27|26|1|0|0|0|0|0|0|2|0|0|13|339|2021|6|6|19|18|48|1|N
21|2|2489|B|1|0|3|422|208|3|0|E0|0||36|27|53|2|4|25|2|46|4|10|12|0|0|0|0|0|0|0|0|0|0|17|202|2021|6|6|19|2|43|1|N
21|2|2672|B|1|0|1|617|54|3|0|E0|0||17|21|121|5|15|44|2|115|4|5|12|3|1|0|1|1|0|0|3|0|0|22|375|2021|6|6|19|29|31|1|N
21|3|363|C|2|0|3|533|44|5|0|E0|0||116|33|102|1|3|45|28|86|12|4|6|4|2|0|0|0|0|1|0|0|0|16|343|2021|6|6|19|10|53|1|N
21|3|679|C|2|0|1|519|78|5|0|E0|0||10|85|110|3|18|4|5|98|3|4|1|1|1|0|0|0|0|0|4|0|2|6|345|2021|6|6|19|26|34|1|N
21|3|684|B|1|0|3|723|78|5|0|E0|0||17|179|86|4|8|6|4|110|5|3|4|0|1|0|0|2|0|2|1|0|0|19|434|2021|6|6|19|33|23|1|N
21|3|2135|B|1|0|1|646|173|6|0|E0|0||36|60|34|2|14|10|81|127|10|16|28|3|1|0|0|0|0|0|0|0|0|18|404|2021|6|6|18|50|46|1|N
21|3|2150|B|1|0|1|529|173|6|0|E0|0||45|48|17|3|18|19|46|91|6|6|23|0|0|0|0|1|0|0|2|0|1|8|289|2021|6|6|18|52|51|1|N
21|3|2156|C|1|0|1|702|173|6|0|E0|0||51|94|45|5|14|15|91|96|7|11|15|4|1|0|0|0|0|0|0|0|1|12|411|2021|6|6|19|22|30|1|N
21|3|2289|B|1|0|3|698|186|5|0|E0|0||77|30|167|3|27|7|14|73|32|11|21|1|3|0|1|0|0|0|9|0|0|15|414|2021|6|6|19|28|41|1|N
21|4|1709|C|1|0|1|616|130|26|0|E0|0||35|0|0|0|3|0|2|27|2|0|1|0|0|0|0|0|0|0|1|0|0|1|37|2021|6|6|19|7|32|1|N
21|5|1732|C|1|0|1|599|133|7|0|E0|0||51|68|34|1|25|15|46|97|12|9|18|1|1|1|0|0|1|0|1|0|0|14|344|2021|6|6|19|32|5|1|N
21|5|1766|C|4|0|2|665|133|7|0|E0|0||82|49|31|4|15|64|20|67|12|4|6|1|1|1|0|1|0|1|1|0|0|7|285|2021|6|6|19|15|57|1|N
21|5|1859|C|2|0|1|561|144|7|0|E0|0||103|25|44|8|37|27|12|123|9|4|12|5|1|0|1|1|0|0|1|0|0|12|322|2021|6|6|19|22|56|1|N
21|5|1866|B|1|0|3|669|144|7|0|E0|0||108|24|26|4|64|10|10|88|19|8|9|1|2|0|0|1|0|0|3|0|1|10|280|2021|6|6|19|15|47|1|N
21|6|1596|C|2|0|1|734|115|11|0|E0|0||119|60|26|4|5|7|5|130|6|7|8|1|0|0|0|1|0|1|5|0|0|16|282|2021|6|6|18|47|23|1|N
21|6|2622|B|1|0|1|715|115|10|0|E0|0||52|89|21|2|8|6|8|117|5|3|1|3|0|0|0|0|0|0|3|0|0|8|274|2021|6|6|19|27|31|1|N
21|7|56|B|1|0|3|490|4|13|0|E0|0||32|32|68|2|4|25|1|39|7|4|0|0|1|0|0|0|0|1|0|0|0|4|188|2021|6|6|19|14|22|1|N
21|7|132|C|4|0|2|714|15|12|0|E0|0||61|66|14|7|13|19|14|130|8|13|21|1|0|0|0|0|0|0|0|0|0|18|324|2021|6|6|19|13|24|1|N
21|7|1894|C|1|0|1|510|151|13|0|E0|0||82|40|36|6|12|18|2|101|6|55|4|0|0|0|0|0|0|3|0|0|1|15|299|2021|6|6|19|22|44|1|N
21|7|2058|C|2|0|1|558|163|13|0|E0|0||114|17|70|4|19|9|15|164|8|10|3|2|6|0|0|2|0|0|6|0|0|10|345|2021|6|6|19|19|20|1|N
21|8|2114|B|1|0|3|505|169|6|0|E0|0||91|11|41|1|66|3|57|63|21|7|104|0|0|0|0|0|0|0|0|0|0|26|400|2021|6|6|19|28|24|1|N
21|9|975|C|1|0|1|435|115|9|0|E0|0||78|47|14|1|4|3|5|101|2|3|12|0|0|1|0|0|0|0|1|0|0|4|198|2021|6|6|19|22|15|1|N
21|9|1088|C|1|0|1|427|115|17|0|E0|0||115|196|21|3|1|2|1|34|2|3|0|0|2|0|0|0|0|0|0|0|0|4|269|2021|6|6|18|51|41|1|N
21|9|1129|C|1|0|1|664|115|17|0|E0|0||134|193|38|2|7|8|8|89|0|7|6|11|0|0|0|1|0|0|3|0|0|10|383|2021|6|6|18|58|17|1|N
21|9|1330|B|1|0|1|436|115|10|0|E0|0||93|55|12|5|2|10|7|73|5|1|3|1|1|0|0|0|0|0|0|0|3|178|356|2021|6|6|19|29|40|1|N
21|9|1393|C|1|0|1|640|115|10|0|E0|0||40|86|16|4|5|15|5|119|3|3|3|1|0|0|0|1|0|0|2|0|0|10|273|2021|6|6|18|58|14|1|N
21|10|1823|B|1|0|1|645|141|18|0|E0|0||113|43|40|1|4|3|18|89|33|2|22|0|0|0|0|0|0|0|0|0|0|10|265|2021|6|6|19|32|49|1|N
21|11|1221|C|1|0|1|666|115|19|0|E0|0||41|61|28|0|10|10|12|85|5|4|8|3|0|0|0|0|0|0|3|0|0|9|238|2021|6|6|19|22|55|1|N
21|11|1238|C|3|0|1|703|115|20|0|E0|0||45|98|28|2|8|15|10|113|6|12|6|6|1|0|0|0|0|0|4|0|0|5|314|2021|6|6|19|6|33|1|N
21|11|1242|C|4|0|1|728|115|19|0|E0|0||56|56|13|6|9|9|11|106|2|5|7|3|2|0|0|0|0|0|2|0|0|7|238|2021|6|6|19|9|34|1|N
21|11|1593|C|13|0|1|721|115|20|0|E0|0||17|68|26|1|10|6|9|87|14|4|20|12|0|0|0|0|0|0|5|0|1|4|267|2021|6|6|19|10|56|1|N
21|11|1605|C|4|0|1|715|115|20|0|E0|0||13|53|28|4|7|3|9|94|2|4|2|2|2|0|0|2|0|0|2|0|0|14|228|2021|6|6|19|32|43|1|N
21|11|2569|B|1|0|1|673|115|20|0|E0|0||80|64|28|1|6|13|8|94|5|1|7|1|2|0|0|0|0|0|3|0|0|17|250|2021|6|6|19|32|23|1|N
21|11|2595|C|1|0|1|379|115|19|0|E0|0||53|55|14|4|1|2|1|50|4|3|4|1|0|0|0|0|0|0|0|0|1|8|148|2021|6|6|19|25|9|1|N
21|11|2656|B|1|0|1|740|115|20|0|E0|0||115|46|30|6|7|10|10|117|11|3|5|6|2|0|0|1|0|0|4|0|0|10|268|2021|6|6|19|1|51|1|N
21|12|1162|C|1|0|1|378|115|17|0|E0|0||132|161|33|3|2|6|4|51|1|2|4|2|2|0|0|0|0|0|0|0|1|4|276|2021|6|6|19|17|3|1|N
21|12|1199|C|1|0|1|745|115|19|0|E0|0||106|104|23|6|11|6|6|158|5|5|13|3|2|0|0|0|0|0|0|0|0|12|354|2021|6|6|19|29|8|1|N
21|12|1200|B|1|0|1|601|115|19|0|E0|0||105|82|20|3|1|9|6|120|3|3|6|1|2|0|0|0|0|1|4|0|0|10|271|2021|6|6|19|2|30|1|N
21|12|1202|C|1|0|1|628|115|19|0|E0|0||146|91|32|6|3|8|3|121|5|1|8|3|4|1|0|1|0|1|1|0|0|15|304|2021|6|6|19|11|46|1|N
21|12|1205|B|1|0|1|744|115|19|0|E0|0||147|139|29|1|10|7|9|118|6|0|5|6|0|0|0|0|0|1|1|0|1|9|342|2021|6|6|19|20|3|1|N
21|12|1222|C|1|0|1|646|115|19|0|E0|0||112|78|37|6|6|20|10|113|2|4|2|2|2|0|0|0|0|0|2|0|0|13|297|2021|6|6|18|46|23|1|N
21|12|1516|B|1|0|1|652|115|16|0|E0|0||45|76|26|3|4|11|11|143|4|7|7|4|0|0|0|0|0|0|2|0|0|7|305|2021|6|6|19|29|51|1|N
21|12|1538|C|1|0|1|662|115|16|0|E0|0||48|110|24|3|4|11|11|114|9|2|11|1|1|0|0|2|0|0|3|0|0|15|321|2021|6|6|19|33|22|1|N
21|13|163|C|3|0|1|684|19|21|0|E0|0||40|47|24|2|15|14|7|124|6|9|21|2|1|0|0|0|0|0|3|0|0|10|285|2021|6|6|19|18|5|1|N
21|13|192|C|1|0|1|513|19|21|0|E0|0||46|28|8|1|8|16|4|164|2|27|11|1|0|0|0|0|0|0|2|0|0|3|275|2021|6|6|19|5|30|1|N
21|13|215|C|1|0|3|721|19|21|0|E0|0||57|89|24|5|13|12|6|146|6|7|6|5|5|0|0|0|0|0|5|0|1|9|339|2021|6|6|19|8|33|1|N
21|13|731|C|1|0|1|538|87|22|0|E0|0||112|14|53|2|4|9|9|112|7|5|20|2|1|0|0|1|0|0|1|0|0|13|253|2021|6|6|19|32|56|1|N
21|13|733|C|2|0|1|584|87|22|0|E0|0||109|10|51|3|3|5|9|118|18|9|31|1|1|0|0|0|0|0|3|0|0|16|278|2021|6|6|19|7|35|1|N
21|13|2088|E|1|0|3|214|165|22|0|E0|0||97|9|76|2|18|2|13|31|0|0|0|3|0|0|0|1|0|0|0|0|0|9|164|2021|6|6|19|13|20|1|N
21|13|2180|E|1|0|3|436|174|21|0|E0|0||4|16|10|2|15|9|16|79|4|4|6|1|0|0|0|0|0|0|2|0|1|5|170|2021|6|6|19|13|0|1|N
21|13|2268|C|1|0|2|569|185|22|0|E0|0||99|13|69|1|9|21|29|135|7|39|13|1|1|0|1|0|0|0|0|0|0|21|360|2021|6|6|19|21|32|1|N
21|14|40|C|2|0|2|604|3|23|0|E0|0||101|25|71|3|19|8|1|135|25|8|28|0|0|6|0|0|0|0|5|0|0|21|355|2021|6|6|19|33|24|1|N
21|14|41|B|1|0|3|96|3|23|0|E0|0||99|7|27|0|2|6|1|8|3|2|14|0|0|2|0|1|0|0|0|0|0|1|74|2021|6|6|19|33|10|1|N
21|14|276|B|1|0|3|245|32|23|0|E0|0||65|1|9|46|5|32|4|7|4|87|1|0|0|0|0|0|0|0|0|0|0|6|202|2021|6|6|19|7|42|1|N
21|14|926|B|1|0|3|201|113|23|0|E0|0||89|0|51|6|0|3|5|67|4|0|0|0|0|0|0|0|0|0|0|0|0|2|138|2021|6|6|19|30|26|1|N
21|14|2426|C|1|0|2|664|205|15|0|E0|0||33|35|89|1|10|2|10|198|4|5|5|0|11|0|0|0|0|0|3|0|0|8|381|2021|6|6|19|33|11|1|N
21|15|1937|C|8|0|1|693|155|24|0|E0|0||26|16|45|4|31|7|21|118|13|0|15|0|0|0|0|0|0|0|7|0|0|10|287|2021|6|6|19|16|55|1|N
21|15|1959|C|1|0|1|519|155|25|0|E0|0||47|43|24|2|10|12|16|105|10|8|13|1|0|0|0|0|0|2|3|0|2|15|266|2021|6|6|19|1|28|1|N
21|15|1986|C|14|0|1|748|155|24|0|E0|0||65|24|76|2|28|9|10|100|11|3|7|0|2|0|0|0|0|0|10|0|1|23|306|2021|6|6|19|9|3|1|N
21|15|2000|C|14|0|1|712|155|24|0|E0|0||80|22|29|0|22|14|14|130|16|2|11|2|0|0|0|1|0|0|4|0|0|7|274|2021|6|6|19|22|43|1|N
21|15|2008|C|1|0|1|745|155|24|0|E0|0||89|27|61|0|18|9|3|92|5|1|10|0|1|0|0|1|0|0|1|0|0|8|237|2021|6|6|19|2|47|1|N
22|2|607|C|1|0|2|602|16|8|0|E0|0||85|89|30|2|1|14|7|59|4|2|9|0|0|0|0|0|0|0|0|0|0|5|222|2021|6|6|19|19|49|1|N
22|2|625|C|2|0|2|579|16|8|0|E0|0||103|94|28|0|3|5|6|44|2|3|2|0|0|0|0|0|0|0|0|0|0|5|192|2021|6|6|19|26|56|1|N
22|3|279|C|1|0|1|484|14|3|0|E0|0||66|123|24|1|4|17|12|90|2|4|10|0|0|0|0|2|0|0|0|0|0|6|295|2021|6|6|19|27|12|1|N
22|3|395|C|1|0|1|621|14|2|0|E0|0||19|91|31|2|6|14|7|88|6|3|1|0|0|0|0|1|0|0|1|0|0|8|259|2021|6|6|19|27|27|1|N
22|3|702|C|1|0|1|647|14|1|0|E0|0||6|164|26|11|4|14|5|108|5|1|3|0|0|0|0|0|0|1|0|0|0|6|348|2021|6|6|19|10|53|1|N
22|4|436|C|1|0|1|438|14|6|0|E0|0||91|137|28|3|5|12|1|64|1|1|10|0|0|0|0|0|0|0|0|0|0|6|268|2021|6|6|19|5|19|1|N
22|5|10|B|1|0|3|592|1|8|0|E0|0||5|113|135|1|1|11|3|38|4|1|3|0|0|0|0|0|0|0|0|0|0|11|321|2021|6|6|19|12|45|1|N
22|5|115|C|5|0|2|730|5|7|0|E0|0||50|242|29|2|3|9|8|67|1|4|9|0|0|0|0|0|0|0|0|0|0|7|381|2021|6|6|19|4|30|1|N
22|5|204|C|4|0|2|688|10|12|0|E0|0||145|127|41|1|3|8|4|69|2|4|3|0|0|0|0|0|0|0|0|0|0|7|269|2021|6|6|19|31|50|1|N
23|1|695|C|1|0|1|620|8|10|0|E0|0||87|42|17|1|5|14|18|92|4|4|46|1|1|0|0|1|1|0|0|0|0|8|255|2021|6|6|19|26|3|1|N
23|1|769|B|1|0|1|524|8|9|0|E0|0||130|16|8|3|4|4|13|95|6|1|19|1|0|0|0|1|0|0|0|0|0|4|175|2021|6|6|19|28|57|1|N
23|2|370|B|1|0|1|680|7|15|0|E0|0||5|40|39|2|2|0|27|130|5|13|19|4|0|2|0|1|0|2|0|0|2|17|305|2021|6|6|19|30|1|1|N
23|3|41|B|1|0|1|613|1|4|0|E0|0||57|9|14|6|4|18|14|92|13|3|22|0|0|0|0|0|0|0|0|0|0|12|207|2021|6|6|19|29|37|1|N
23|4|1023|C|1|0|1|719|1|2|0|E0|0||139|11|8|4|1|5|2|53|4|2|14|0|0|0|0|0|0|0|0|0|0|3|107|2021|6|6|19|12|16|1|N
24|1|520|B|1|0|1|452|20|1|0|E0|0||52|47|37|4|2|35|14|46|20|4|7|1|1|0|0|2|3|1|0|0|0|16|240|2021|6|6|19|33|37|1|N
24|1|551|B|1|0|3|212|20|1|0|E0|0||63|44|10|1|1|35|0|3|0|1|0|0|0|0|0|0|0|0|0|0|0|6|101|2021|6|6|19|33|12|1|N
24|2|1273|C|8|0|1|717|35|9|0|E0|0||43|30|18|3|4|177|8|65|4|1|5|2|0|0|0|0|0|0|0|0|1|17|335|2021|6|6|19|26|14|1|N
24|3|696|B|1|0|3|607|24|10|0|E0|0||107|44|48|2|6|69|5|56|3|5|7|3|3|0|0|2|1|0|0|0|0|21|275|2021|6|6|19|19|25|1|N
24|3|723|B|1|0|3|102|24|10|0|E0|0||110|16|21|0|2|1|0|2|0|0|0|0|0|1|0|0|0|0|0|0|0|0|43|2021|6|6|18|45|4|1|N
24|6|896|C|1|0|1|432|28|2|0|E0|0||4|67|29|1|8|80|10|54|3|7|2|4|0|0|0|6|7|0|0|0|0|19|297|2021|6|6|19|16|5|1|N
27|1|916|C|1|0|1|612|12|18|0|E0|0||74|2|7|8|6|29|6|191|10|7|2|0|0|0|0|0|0|0|0|0|0|8|276|2021|6|6|19|26|4|1|N
27|1|1097|B|1|0|1|454|17|1|0|E0|0||102|0|65|4|2|4|5|216|0|2|4|0|5|0|0|0|0|0|0|0|0|5|312|2021|6|6|19|25|6|1|N
27|3|515|B|1|0|1|663|5|13|0|E0|0||30|2|18|72|2|6|8|238|4|4|16|0|0|0|0|0|0|0|0|0|0|5|375|2021|6|6|19|22|23|1|N
27|3|534|B|1|0|1|471|5|13|0|E0|0||36|0|5|37|0|2|8|201|6|3|4|0|0|0|0|0|0|0|0|0|0|7|273|2021|6|6|19|12|14|1|N
27|3|621|C|1|0|1|711|6|14|0|E0|0||74|5|26|14|4|7|8|274|10|9|9|0|0|0|0|0|0|0|0|0|0|16|382|2021|6|6|19|11|5|1|N
27|3|655|B|1|0|3|404|6|14|0|E0|0||95|2|5|20|6|2|5|128|5|6|2|0|0|0|0|0|0|0|0|0|1|8|190|2021|6|6|18|43|27|1|N
27|3|655|E|1|0|3|321|6|14|0|E0|0||95|1|5|14|17|2|5|103|3|4|5|0|0|0|0|0|0|0|0|0|0|14|173|2021|6|6|19|9|27|1|N
27|3|664|E|1|0|3|580|6|7|0|E0|0||106|2|33|14|12|5|5|177|9|0|3|0|0|0|0|0|0|0|0|0|0|12|272|2021|6|6|19|23|52|1|N
27|5|1011|C|2|0|3|523|14|20|0|E0|0||106|1|18|76|5|0|2|139|9|3|44|0|0|0|0|0|0|0|0|0|0|8|305|2021|6|6|19|7|19|1|N
27|6|461|C|1|0|3|561|4|7|0|E0|0||22|1|48|3|1|2|6|186|1|2|1|0|0|0|0|0|0|0|0|0|0|9|260|2021|6|6|19|8|31|1|N
28|1|750|E|1|2|1|658|27|1|0|E0|0||6|111|20|0|1|12|10|128|5|4|6|0|0|0|0|0|0|0|1|0|1|6|305|2021|6|6|19|30|59|1|N
28|1|750|E|1|5|1|657|27|1|0|E0|0||7|97|26|0|8|7|9|131|2|9|3|0|0|0|0|0|0|0|0|0|0|10|302|2021|6|6|19|22|5|1|N
28|1|764|C|1|0|1|572|27|1|0|E0|0||13|106|29|1|3|3|4|77|2|3|3|0|0|0|0|0|0|0|1|0|0|7|239|2021|6|6|18|39|6|1|N
28|1|794|B|1|0|1|702|27|2|0|E0|0||63|122|28|4|6|8|9|82|2|3|6|0|0|0|0|1|0|0|0|0|0|3|274|2021|6|6|19|22|12|1|N
28|2|1001|C|1|0|1|492|32|4|0|E0|0||66|110|12|1|2|4|6|59|2|0|2|0|0|0|0|0|0|0|2|0|0|3|203|2021|6|6|19|26|8|1|N
28|2|1007|B|1|0|1|610|32|4|0|E0|0||77|127|21|0|4|10|12|119|20|1|5|0|0|0|0|0|0|0|1|0|0|2|322|2021|6|6|19|10|1|1|N
28|2|1941|C|1|0|1|677|32|4|0|E0|0||43|78|13|1|1|9|8|132|13|2|3|0|0|0|0|1|0|0|0|0|0|11|272|2021|6|6|18|49|43|1|N
28|3|1997|B|1|0|1|595|22|9|0|E0|0||64|48|8|1|2|4|3|179|6|0|3|0|0|0|0|0|0|0|1|0|0|2|257|2021|6|6|19|23|32|1|N
28|4|543|C|1|0|1|670|22|12|0|E0|0||6|60|34|2|3|8|19|173|7|4|4|0|0|0|0|0|0|0|2|0|0|9|325|2021|6|6|19|32|8|1|N
28|4|545|B|1|0|1|734|22|10|0|E0|0||4|85|16|4|7|9|10|193|3|3|3|0|0|0|0|1|0|0|3|0|0|8|345|2021|6|6|19|0|38|1|N
28|4|552|C|4|0|1|709|22|12|0|E0|0||99|72|28|2|5|10|3|189|4|0|2|0|0|0|0|0|0|0|0|0|0|6|321|2021|6|6|19|0|48|1|N
28|4|569|C|1|0|1|390|22|12|0|E0|0||43|58|16|1|2|4|7|78|1|0|0|0|0|0|0|0|0|1|2|0|0|1|171|2021|6|6|18|44|27|1|N
28|4|578|C|1|0|1|422|22|12|0|E0|0||24|74|23|0|0|3|4|89|0|1|2|0|0|0|0|1|0|0|2|0|0|1|200|2021|6|6|18|56|53|1|N
28|4|595|B|1|0|1|375|22|12|0|E0|0||48|44|22|1|1|4|5|96|1|0|8|0|0|0|0|0|0|0|0|0|0|1|183|2021|6|6|18|48|36|1|N
28|4|632|C|1|0|1|461|22|11|0|E0|0||112|45|14|1|5|5|4|128|1|2|2|0|0|0|0|0|0|0|0|0|0|3|210|2021|6|6|19|3|0|1|N
28|4|639|C|2|0|1|703|22|11|0|E0|0||77|83|25|5|3|1|6|171|5|3|4|0|0|0|0|1|0|0|6|0|0|9|322|2021|6|6|19|5|24|1|N
28|4|645|C|10|0|1|744|22|11|0|E0|0||96|71|18|3|8|7|6|207|4|3|4|0|0|0|0|0|0|0|3|0|0|4|338|2021|6|6|19|3|8|1|N
28|4|647|C|10|0|1|707|22|11|0|E0|0||108|59|15|0|7|3|3|155|4|2|1|0|0|0|0|0|0|0|0|0|0|0|249|2021|6|6|19|1|43|1|N
28|4|2035|C|1|0|1|702|22|10|0|E0|0||27|72|19|1|3|5|8|200|7|5|7|0|0|0|0|0|0|0|0|0|0|6|333|2021|6|6|19|24|33|1|N
28|5|1588|C|4|0|1|664|41|14|0|E0|0||67|127|70|2|13|18|16|124|8|4|0|0|0|0|0|0|0|0|1|0|0|10|393|2021|6|6|19|33|58|1|N
28|6|368|E|1|0|2|482|17|16|0|E0|0||55|161|24|4|7|2|6|99|7|7|16|0|0|0|0|0|0|0|0|0|1|33|367|2021|6|6|19|20|0|1|N
28|6|412|B|1|0|1|528|21|17|0|E0|0||87|98|38|3|8|26|4|168|5|4|2|0|0|0|0|0|0|0|0|0|0|7|363|2021|6|6|18|57|54|1|N
28|6|415|C|1|0|2|511|21|17|0|E0|0||91|87|48|2|3|23|7|131|4|4|2|0|0|0|0|0|0|0|0|0|0|9|320|2021|6|6|19|31|20|1|N
28|6|459|B|1|0|1|420|21|17|0|E0|0||75|110|34|1|8|14|2|100|6|3|2|0|0|0|0|0|0|0|0|0|0|8|288|2021|6|6|19|8|38|1|N
28|6|1739|B|1|0|3|426|43|16|0|E0|0||148|106|9|8|28|6|0|124|2|4|1|0|0|0|0|0|0|0|0|0|0|6|294|2021|6|6|19|19|9|1|N
28|7|38|C|1|0|1|664|3|18|0|E0|0||18|82|24|13|5|0|9|163|7|0|2|0|0|0|0|0|0|0|3|0|0|9|317|2021|6|6|19|17|1|1|N
28|7|73|C|4|0|1|684|3|19|0|E0|0||48|101|15|24|3|4|19|181|7|1|2|0|0|0|0|0|0|1|3|0|0|8|369|2021|6|6|19|33|14|1|N
28|7|162|B|1|0|1|583|9|20|0|E0|0||90|121|12|4|4|6|8|171|6|0|1|0|0|0|0|1|0|0|0|0|1|3|338|2021|6|6|19|26|22|1|N
28|7|249|B|1|0|1|428|9|20|0|E0|0||121|78|14|3|8|5|6|123|2|1|5|0|0|0|0|0|0|0|3|0|0|5|253|2021|6|6|19|13|37|1|N
28|8|180|B|1|0|1|548|9|20|0|E0|0||117|203|18|2|2|3|12|91|2|3|2|0|0|0|0|0|0|0|1|0|0|8|347|2021|6|6|19|13|14|1|N
28|9|1118|B|1|0|1|565|32|6|0|E0|0||52|65|29|6|14|4|14|117|7|2|1|0|0|0|0|0|0|0|0|0|0|10|269|2021|6|6|19|14|53|1|N
28|9|1905|C|1|0|1|511|32|7|0|E0|0||95|57|2|1|5|5|3|91|9|2|2|0|0|0|0|0|0|0|1|0|0|5|183|2021|6|6|19|10|21|1|N
28|9|1928|B|1|0|1|426|32|7|0|E0|0||64|70|13|2|5|3|1|91|6|2|2|0|0|0|0|0|0|0|2|0|0|7|204|2021|6|6|19|17|13|1|N
28|9|1934|B|1|0|1|380|32|7|0|E0|0||65|49|20|0|5|1|1|101|6|2|1|0|0|0|0|0|0|0|0|0|0|0|186|2021|6|6|19|8|50|1|N
30|1|2820|B|1|0|1|437|124|1|0|E0|0||1|82|37|1|3|39|4|112|13|0|1|0|3|0|0|1|0|4|1|0|0|2|303|2021|6|6|19|26|5|1|N
30|1|2820|C|1|0|1|436|124|1|0|E0|0||1|72|40|0|6|24|2|105|13|6|1|4|0|1|0|3|0|2|0|0|0|5|284|2021|6|6|19|15|9|1|N
30|1|3552|C|1|0|1|424|152|3|0|E0|0||100|27|54|8|3|50|1|123|14|20|16|0|0|0|0|0|0|0|0|0|0|2|318|2021|6|6|19|18|55|1|N
30|2|3617|B|1|0|1|465|156|2|0|E0|0||101|164|7|2|0|8|7|118|5|4|4|0|0|0|0|2|1|0|0|0|0|4|326|2021|6|6|19|17|0|1|N
30|4|4259|B|1|0|1|431|192|14|0|E0|0||37|91|10|0|3|2|4|109|3|5|2|0|0|0|0|2|0|1|0|0|0|7|239|2021|6|6|19|27|31|1|N
30|4|4384|E|1|0|1|711|192|15|0|E0|0||91|74|9|1|3|12|8|162|1|6|2|0|0|0|0|3|0|0|0|0|0|0|281|2021|6|6|19|18|14|1|N
30|4|4474|C|4|0|2|682|192|14|0|E0|0||2|102|14|1|5|5|5|115|5|5|2|1|0|0|1|0|0|0|2|0|0|8|271|2021|6|6|19|31|9|1|N
30|5|3127|B|1|0|1|394|132|5|0|E0|0||29|10|22|8|8|3|10|140|6|8|15|0|0|0|0|0|0|0|2|0|2|1|235|2021|6|6|19|23|42|1|N
30|5|3200|C|1|0|1|551|132|5|0|E0|0||71|16|17|24|11|3|20|147|14|3|14|3|0|0|0|1|0|0|0|0|0|9|282|2021|6|6|19|21|28|1|N
30|7|1837|B|1|0|3|396|88|9|0|E0|0||42|26|36|3|5|50|27|22|9|17|26|5|0|0|0|0|0|0|0|0|0|22|248|2021|6|6|19|20|15|1|N
30|7|2284|C|2|0|1|700|103|7|0|E0|0||89|48|34|5|9|10|17|135|7|13|12|1|0|0|0|0|0|0|0|0|0|8|299|2021|6|6|19|16|47|1|N
30|7|2568|B|1|0|3|255|110|8|0|E0|0||96|35|3|3|23|1|20|58|3|2|0|1|1|1|0|0|0|0|0|0|0|8|159|2021|6|6|19|14|7|1|N
30|7|4057|C|1|0|1|527|182|7|0|E0|0||120|26|7|3|4|3|15|77|57|13|12|1|0|1|0|0|0|0|0|0|0|10|229|2021|6|6|19|29|7|1|N
30|8|83|B|1|0|3|591|4|13|0|E0|0||92|26|35|8|17|24|20|126|10|37|68|1|0|0|0|0|0|1|0|0|0|10|383|2021|6|6|19|27|47|1|N
30|8|3264|B|1|0|3|459|134|13|0|E0|0||78|77|6|4|5|8|35|154|6|15|4|0|0|0|0|1|2|0|0|0|0|8|325|2021|6|6|18|56|47|1|N
30|9|722|B|1|0|1|568|40|12|0|E0|0||33|70|99|6|2|15|19|116|10|5|15|6|2|0|0|0|0|0|0|0|1|16|382|2021|6|6|19|15|28|1|N
30|9|3048|B|1|0|3|415|129|9|0|E0|0||70|18|169|5|4|3|30|61|6|5|3|1|4|0|0|0|0|0|0|0|0|10|319|2021|6|6|19|23|42|1|N
30|10|1865|C|2|0|1|519|89|10|0|E0|0||39|36|26|2|5|8|16|84|2|3|7|3|0|0|0|0|0|0|0|0|1|8|201|2021|6|6|19|7|16|1|N
30|10|1871|C|1|0|1|536|89|10|0|E0|0||9|26|54|3|4|5|15|109|6|3|3|7|0|0|0|0|0|0|0|0|0|10|245|2021|6|6|19|24|8|1|N
30|10|1897|C|1|0|1|555|89|10|0|E0|0||53|48|42|6|6|11|22|123|6|6|9|3|0|0|0|0|0|0|0|0|0|9|291|2021|6|6|19|12|48|1|N
30|10|1904|B|1|0|1|527|89|10|0|E0|0||43|39|30|4|9|5|16|129|7|5|2|4|0|0|0|0|0|0|0|0|0|11|261|2021|6|6|19|4|49|1|N
30|10|1926|C|1|0|1|413|89|10|0|E0|0||72|39|48|3|11|4|19|105|8|1|5|6|2|0|0|0|0|0|0|0|2|6|259|2021|6|6|19|12|2|1|N
30|10|1940|B|1|0|1|576|89|10|0|E0|0||58|66|64|8|9|10|29|148|6|6|6|3|0|0|0|0|0|0|0|0|0|14|369|2021|6|6|19|27|26|1|N
30|10|1945|B|1|0|1|594|89|10|0|E0|0||68|61|7|77|12|5|29|138|6|7|4|2|1|0|0|0|0|0|0|0|0|12|361|2021|6|6|19|12|0|1|N
30|10|1946|C|1|0|1|415|89|10|0|E0|0||69|57|63|1|4|7|25|84|4|2|9|5|2|0|0|0|0|0|0|0|0|8|271|2021|6|6|19|2|53|1|N
30|10|1958|B|1|0|1|658|89|10|0|E0|0||103|36|56|1|8|6|23|128|10|9|8|1|2|0|0|0|0|0|0|0|0|10|298|2021|6|6|19|0|6|1|N
30|10|1958|C|2|0|1|657|89|10|0|E0|0||103|42|43|5|9|9|17|113|8|3|6|2|1|0|0|0|0|0|0|0|1|14|273|2021|6|6|19|3|44|1|N
30|10|2031|B|1|0|1|403|89|11|0|E0|0||121|61|75|4|9|8|21|82|5|3|4|4|2|0|0|0|0|0|0|0|1|1|280|2021|6|6|19|33|19|1|N
30|10|2082|C|3|0|1|676|89|11|0|E0|0||139|61|72|6|4|11|33|138|9|5|4|9|1|0|0|0|0|0|0|0|0|8|361|2021|6|6|19|13|33|1|N
30|10|2084|B|1|0|1|450|89|11|0|E0|0||141|26|55|3|4|12|25|101|5|6|8|3|0|0|0|0|0|0|0|0|0|13|261|2021|6|6|19|17|46|1|N
30|10|2098|B|1|0|3|379|89|11|0|E0|0||138|26|48|2|4|3|11|58|2|1|1|1|2|0|0|0|0|0|0|0|0|18|177|2021|6|6|18|49|9|1|N
30|11|881|B|1|0|1|385|41|29|0|E0|0||65|22|32|2|0|7|11|138|5|1|7|0|0|0|0|0|0|0|0|0|0|5|230|2021|6|6|19|23|32|1|N
30|12|525|C|1|0|1|525|29|16|0|E0|0||85|161|20|0|1|4|12|132|5|0|5|0|0|0|0|0|0|0|0|0|0|3|343|2021|6|6|19|24|23|1|N
30|12|572|C|1|0|1|470|29|16|0|E0|0||98|109|2|2|1|4|23|82|3|2|1|0|0|0|0|0|0|0|0|0|0|3|232|2021|6|6|19|33|10|1|N
30|12|581|B|1|0|1|702|29|16|0|E0|0||118|294|30|2|1|5|12|92|2|4|3|2|0|0|0|0|0|0|3|0|0|2|452|2021|6|6|19|16|40|1|N
30|12|4319|B|1|0|1|515|192|15|0|E0|0||27|87|17|0|3|3|5|104|3|2|0|1|1|0|2|0|0|0|0|0|0|5|233|2021|6|6|19|21|28|1|N
30|12|4477|B|1|0|1|670|192|14|0|E0|0||1|73|8|2|4|13|7|195|9|6|2|0|0|0|0|6|0|0|0|0|0|12|337|2021|6|6|19|29|3|1|N
30|13|1259|B|1|0|3|503|51|17|0|E0|0||22|120|3|0|1|0|128|162|2|3|1|1|0|0|0|0|0|0|0|0|0|11|432|2021|6|6|19|28|31|1|N
30|13|1606|B|1|0|1|586|73|18|0|E0|0||39|69|60|3|3|35|13|150|10|8|18|0|1|0|0|1|1|1|0|0|1|14|388|2021|6|6|19|27|6|1|N
30|13|3527|E|1|0|3|495|149|17|0|E0|0||88|48|71|2|6|9|97|137|8|1|2|1|3|1|1|0|0|0|0|0|0|2|389|2021|6|6|19|33|3|1|N
30|14|2480|C|1|0|1|385|109|28|0|E0|0||76|19|27|3|6|3|4|154|3|1|9|1|0|0|0|2|0|0|1|0|0|7|240|2021|6|6|19|26|30|1|N
30|14|4898|C|1|0|1|707|109|28|0|E0|0||84|48|35|8|1|7|9|271|13|6|16|4|0|0|0|1|0|0|1|0|0|7|427|2021|6|6|19|30|2|1|N
30|16|994|C|1|0|1|441|46|19|0|E0|0||33|23|28|3|2|3|22|110|5|16|10|1|0|0|0|0|0|0|0|0|0|5|228|2021|6|6|19|30|52|1|N
30|16|1038|C|1|0|1|457|46|19|0|E0|0||53|46|23|12|3|6|21|107|8|3|6|1|2|1|0|1|1|1|1|0|0|10|253|2021|6|6|19|32|59|1|N
30|16|4081|B|1|0|2|531|185|18|0|E0|0||133|55|16|44|69|4|25|136|3|3|14|1|0|1|1|2|0|0|0|0|0|16|390|2021|6|6|19|19|51|1|N
30|17|1793|B|1|0|3|463|86|23|0|E0|0||73|72|23|3|7|11|17|158|17|4|7|3|5|0|0|0|1|2|1|0|0|19|350|2021|6|6|19|28|34|1|N
30|19|3369|C|1|0|3|503|142|25|0|E0|0||48|4|15|11|3|3|96|60|4|2|3|0|0|0|0|0|0|0|1|0|0|6|208|2021|6|6|19|32|23|1|N
30|19|3452|B|1|0|3|624|144|24|0|E0|0||122|24|35|109|21|10|61|76|11|10|10|11|0|0|1|2|2|1|1|0|0|16|401|2021|6|6|19|3|41|1|N
30|20|1196|C|1|0|1|434|50|26|0|E0|0||8|11|69|5|4|5|2|161|9|3|3|0|1|0|0|0|0|0|0|0|0|4|277|2021|6|6|19|10|46|1|N
31|1|90|B|1|0|3|438|19|11|0|E0|0||30|167|102|2|0|1|1|76|1|1|0|0|0|0|0|0|0|0|0|0|0|2|353|2021|6|6|19|33|33|1|N
31|1|1041|C|1|0|2|609|102|11|0|E0|0||41|168|55|3|12|10|13|110|18|6|0|0|0|0|0|0|0|0|0|0|0|22|417|2021|6|6|18|56|46|1|N
31|3|623|C|1|0|1|688|50|7|0|E0|0||133|58|88|4|3|2|5|110|1|0|0|0|0|0|0|0|0|0|0|0|0|7|278|2021|6|6|19|28|3|1|N
31|4|270|C|2|0|1|564|50|4|0|E0|0||15|156|35|4|6|6|8|79|7|2|2|0|0|0|0|0|0|0|0|0|0|9|314|2021|6|6|19|9|58|1|N
31|4|321|B|1|0|1|604|50|5|0|E0|0||57|247|95|2|0|4|9|58|1|0|4|0|0|0|0|0|0|0|0|0|0|2|422|2021|6|6|19|21|54|1|N
31|4|364|B|1|0|1|386|50|2|0|E0|0||72|88|65|0|0|5|3|48|2|1|0|0|0|0|0|0|0|0|0|0|1|4|217|2021|6|6|19|23|26|1|N
31|4|506|C|1|0|1|459|50|1|0|E0|0||104|116|48|2|2|3|7|77|8|0|4|0|0|0|0|0|0|0|0|0|1|6|274|2021|6|6|19|31|55|1|N
31|4|643|E|1|6|2|667|50|4|0|E0|0||145|160|40|2|2|5|14|102|7|1|5|0|0|0|0|0|0|0|0|0|0|8|346|2021|6|6|19|19|10|1|N
31|5|992|C|1|0|1|469|101|8|0|E0|0||2|65|33|0|6|7|43|101|12|2|4|0|0|0|0|0|0|2|0|0|0|4|279|2021|6|6|19|25|54|1|N
32|2|681|B|1|0|3|122|20|10|0|E0|0||13|7|15|1|0|2|1|19|1|0|1|0|0|0|0|0|0|0|0|0|0|1|48|2021|6|6|18|58|2|1|N
32|2|1053|B|1|0|1|299|36|8|0|E0|0||85|5|22|42|42|4|4|35|3|0|1|0|0|0|0|0|0|0|0|0|0|12|170|2021|6|6|18|36|7|1|N
32|3|1231|B|1|0|1|574|39|16|0|E0|0||55|17|63|49|32|10|3|107|3|2|6|3|2|4|0|0|0|0|0|0|0|2|303|2021|6|6|19|19|16|1|N
32|3|1244|B|1|0|1|338|39|16|0|E0|0||66|8|18|10|61|1|3|41|0|1|0|0|0|0|0|0|0|0|0|0|0|3|146|2021|6|6|18|43|8|1|N
32|3|1820|C|3|0|1|662|56|1|0|E0|0||134|7|54|7|32|12|8|107|42|0|21|4|0|0|1|0|0|2|2|0|1|5|305|2021|6|6|19|17|30|1|N
32|4|437|C|1|0|2|610|16|8|0|E0|0||6|14|123|20|20|13|10|98|13|3|25|6|0|1|0|0|0|0|0|0|0|36|382|2021|6|6|19|23|58|1|N
32|4|793|B|1|0|3|313|24|9|0|E0|0||79|9|41|1|17|8|6|88|5|3|6|0|0|0|0|0|0|0|0|0|0|6|190|2021|6|6|18|56|23|1|N
32|4|1035|B|1|0|3|150|35|9|0|E0|0||90|0|49|2|9|4|3|29|2|1|2|0|0|0|0|0|0|0|0|0|0|3|104|2021|6|6|19|18|26|1|N
