934
id_ESTADO|ID_DISTRITO|SECCION|TIPO_CASILLA|ID_CASILLA|EXT_CONTIGUA|PAN|PRI|PRD|PVEM|PT|MC|PANAL|MORENA|PH|ES|PRI_PVEM|PRD_PT|CI_1|CI_2|NUM_VOTOS_CAN_NREG|NUM_VOTOS_NULOS|ANIO|MES|DIA|HORA|MINUTOS|SEGUNDOS|ORIGEN_CAPTURA|TIPO_SECCION|LISTA_NOMINAL|CIRCUNSCRIPCION|MODIFICADO
1|1|358|B|1|0|91|57|14|20|12|5|13|8|6|3|||||0|18|2015|6|7|19|4|49|1|1|645|2|
1|1|411|C|5|0|73|80|2|9|5|1|13|12|7|7|||||0|12|2015|6|7|19|10|19.181|2|2|659|2|
1|1|414|C|1|0|103|68|0|14|1|3|7|11|1|11|||||0|13|2015|6|7|19|7|19.943|1|1|579|2|
1|1|415|C|5|0|54|56|18|9|7|4|28|8|8|19|||||0|16|2015|6|7|19|5|48.457|1|2|649|2|
1|1|420|C|1|0|38|65|25|6|6|2|37|9|2|7|||||0|16|2015|6|7|19|21|22.476|1|1|532|2|
1|1|430|C|1|0|74|76|35|23|23|6|14|2|5|1|||||0|14|2015|6|7|18|51|27.072|1|2|622|2|
1|1|439|C|1|0|75|36|3|19|7|4|51|22|5|3|||||1|8|2015|6|7|19|1|56.016|1|1|575|2|
1|1|479|C|1|0|67|106|20|10|36|0|24|11|12|4|||||0|11|2015|6|7|19|7|44.092|1|2|732|2|
1|1|483|C|1|0|38|61|32|17|36|1|7|10|2|1|||||0|7|2015|6|7|19|15|56.855|1|2|426|2|
1|2|86|C|6|0|45|60|11|20|6|4|9|14|5|11|||||0|16|2015|6|7|19|6|24.348|1|1|734|2|
1|2|90|C|3|0|86|50|5|14|6|7|12|28|8|13|||||0|30|2015|6|7|19|14|2.083|2|1|726|2|
1|2|109|B|1|0|106|63|6|17|5|2|19|20|7|4|||||2|10|2015|6|7|19|3|33.673|1|1|576|2|
1|2|118|C|2|0|60|62|7|15|6|4|23|21|6|7|||||1|17|2015|6|7|19|7|57.76|1|1|678|2|
1|2|120|B|1|0|81|100|4|6|6|8|18|23|6|16|||||0|25|2015|6|7|19|2|3.687|1|1|747|2|
1|2|155|C|2|0|63|64|3|20|6|9|10|8|7|7|||||0|9|2015|6|7|19|10|52.295|1|1|705|2|
1|2|165|C|1|0|76|34|10|9|3|7|11|27|13|11|||||0|11|2015|6|7|19|19|54.229|1|1|687|2|
1|2|323|E|1|1|32|57|14|13|8|2|7|6|1|6|||||0|14|2015|6|7|19|12|38.506|1|2|599|2|
1|2|325|C|3|0|61|55|9|17|3|5|13|7|4|9|||||0|7|2015|6|7|19|4|57.063|1|2|739|2|
1|2|502|B|1|0|40|33|3|14|2|4|5|6|2|3|||||1|13|2015|6|7|19|21|1.281|1|1|397|2|
1|2|524|B|1|0|19|21|7|32|5|1|7|4|3|9|||||1|17|2015|6|7|19|14|27.281|1|1|462|2|
1|2|534|B|1|0|38|49|9|11|7|0|8|8|8|7|||||0|3|2015|6|7|19|9|20.645|1|1|443|2|
1|2|555|C|2|0|63|63|4|11|12|7|11|13|5|5|||||1|11|2015|6|7|18|49|6.86|1|1|652|2|
1|2|589|C|1|0|50|49|8|18|5|3|4|5|3|4|||||0|14|2015|6|7|18|41|2.221|1|2|698|2|
1|3|8|B|1|0|107|78|1|11|1|4|19|17|8|8|||||0|22|2015|6|7|19|8|14.688|1|1|562|2|
1|3|11|C|1|0|80|64|3|16|4|6|10|14|1|10|||||0|21|2015|6|7|18|59|5.859|1|1|622|2|
1|3|16|B|1|0|45|42|3|5|2|3|7|9|1|6|||||0|8|2015|6|7|19|3|31.808|1|1|417|2|
1|3|27|B|1|0|115|38|5|10|4|2|16|13|8|8|||||1|12|2015|6|7|19|1|40.149|1|1|524|2|
1|3|184|C|1|0|65|40|2|9|2|2|7|15|6|6|||||0|17|2015|6|7|18|35|12.383|1|1|413|2|
1|3|197|C|1|0|81|44|5|10|1|4|7|17|7|8|||||0|15|2015|6|7|19|13|52.284|1|1|394|2|
1|3|210|C|1|0|139|69|3|12|2|9|5|30|2|7|||||3|20|2015|6|7|18|40|15.562|1|1|616|2|
1|3|240|B|1|0|52|99|12|16|7|1|8|21|0|8|||||0|18|2015|6|7|19|18|50.065|1|1|680|2|
1|3|248|C|1|0|24|50|4|11|2|0|4|14|5|5|||||0|2|2015|6|7|18|39|40.142|1|1|396|2|
1|3|270|C|2|0|61|45|4|12|5|5|8|17|12|20|||||1|12|2015|6|7|19|20|14.592|1|1|725|2|
1|3|271|C|1|0|37|61|2|12|4|2|3|9|3|7|||||0|12|2015|6|7|19|2|55.259|1|1|427|2|
1|3|288|C|1|0|79|33|12|7|3|5|11|6|4|5|||||0|12|2015|6|7|19|18|34.691|1|1|389|2|
1|3|302|C|1|0|48|61|8|11|3|3|17|10|5|8|||||0|12|2015|6|7|19|19|45.235|1|1|523|2|
1|3|326|C|3|0|90|48|7|6|3|8|15|24|7|11|||||1|20|2015|6|7|18|46|13.537|1|2|677|2|
1|3|336|C|1|0|53|127|6|12|16|1|6|6|4|3|||||0|11|2015|6|7|18|58|28.508|1|2|573|2|
4|2|264|E|1|0|53|34|0|0|0|0|0|0|0|0|8||||0|0|2015|6|7|19|11|28.938|1|2|124|3|
5|2|181|B|1|0|42|113|2|13|8|3|11|20|5|11|3||||0|8|2015|6|7|19|18|10.988|1|1|539|2|
5|2|187|B|1|0|50|135|4|10|5|3|9|4|1|8|4||||0|8|2015|6|7|19|16|30.395|1|1|715|2|
5|2|206|C|1|0|48|117|2|7|2|2|6|16|2|5|3||||0|6|2015|6|7|18|54|44.28|1|1|579|2|
5|2|465|B|1|0|39|100|4|7|2|5|18|9|2|0|0||||0|3|2015|6|7|18|34|29.436|1|1|476|2|
5|2|500|C|1|0|35|110|0|3|2|0|19|7|1|2|0||||0|5|2015|6|7|19|5|5.125|1|1|410|2|
5|2|1065|C|1|0|27|88|1|4|3|0|10|2|1|1|2||||0|2|2015|6|7|18|32|0.858|1|1|418|2|
5|2|1099|B|1|0|10|92|21|6|3|18|49|16|8|2|4||||0|9|2015|6|7|19|1|20.551|1|1|383|2|
5|2|1099|C|1|0|20|92|25|4|0|19|35|18|4|1|2||||0|5|2015|6|7|19|9|9.789|1|1|382|2|
5|2|1140|B|1|0|21|152|45|8|4|9|18|55|11|3|3||||0|13|2015|6|7|19|5|9.089|1|1|721|2|
5|2|1163|B|1|0|14|207|41|11|5|42|17|13|7|1|0||||0|7|2015|6|7|19|10|59.274|1|2|684|2|
5|3|327|C|1|0|119|83|6|3|0|3|9|15|3|15|1||||0|4|2015|6|7|18|52|4.278|1|1|599|2|
5|3|335|C|2|0|79|83|6|4|10|4|14|11|5|21|0||||0|8|2015|6|7|19|5|49.288|1|1|516|2|
5|3|338|B|1|0|81|111|6|4|3|2|10|16|4|8|1||||0|4|2015|6|7|19|7|9.064|1|1|579|2|
5|3|349|B|1|0|43|104|2|8|1|3|3|8|2|11|2||||0|2|2015|6|7|18|40|43.795|1|1|513|2|
5|3|359|B|1|0|40|141|2|4|7|1|8|5|0|3|2||||0|5|2015|6|7|19|3|7.76|1|1|442|2|
5|3|371|B|1|0|63|135|7|8|3|4|7|8|6|15|0||||0|12|2015|6|7|19|5|43.362|1|1|611|2|
5|3|377|B|1|0|84|106|6|3|2|1|3|13|4|11|2||||0|2|2015|6|7|19|1|56.149|1|1|674|2|
5|3|390|C|1|0|82|89|4|6|3|1|16|22|1|13|0||||0|9|2015|6|7|19|8|37.637|1|1|541|2|
5|3|441|C|1|0|57|78|10|6|2|2|20|11|3|17|0||||0|7|2015|6|7|18|44|39.103|1|1|479|2|
5|3|693|C|1|0|50|138|0|8|2|3|59|1|6|4|1||||0|8|2015|6|7|18|33|15.458|1|1|679|2|
5|3|709|C|1|0|49|157|6|6|1|1|13|0|2|2|3||||0|11|2015|6|7|19|7|35.741|1|1|505|2|
5|4|800|C|2|0|98|105|4|8|5|2|47|15|13|8|3||||0|13|2015|6|7|18|51|15.463|1|1|629|2|
5|4|834|C|3|0|50|107|6|7|1|7|16|20|6|18|0||||0|8|2015|6|7|18|36|0.62|1|1|590|2|
5|4|907|C|15|0|27|166|2|9|5|3|9|6|6|7|5||||0|6|2015|6|7|18|59|1.983|1|1|730|2|
5|4|943|C|5|0|52|143|3|22|5|9|10|9|11|9|4||||0|7|2015|6|7|19|21|45.641|1|1|711|2|
5|4|945|B|1|0|43|159|4|10|3|2|6|1|4|14|2||||0|7|2015|6|7|19|2|45.392|1|1|515|2|
5|4|977|C|2|0|73|122|8|9|11|5|24|17|11|16|1||||0|14|2015|6|7|18|56|27.853|1|1|606|2|
5|4|982|C|1|0|58|134|4|11|3|8|22|12|13|13|1||||1|17|2015|6|7|18|40|21.914|1|1|592|2|
5|4|1005|B|1|0|48|219|6|13|4|6|15|10|21|6|6||||0|19|2015|6|7|18|56|5.828|1|2|736|2|
5|4|1626|C|1|0|25|81|2|9|1|2|7|11|8|9|0||||0|6|2015|6|7|19|6|17.851|1|1|498|2|
5|4|1635|B|1|0|13|102|3|9|4|0|13|7|8|8|0||||0|3|2015|6|7|18|59|56.019|1|1|446|2|
5|4|1647|B|1|0|22|108|2|4|5|3|5|8|3|9|2||||0|10|2015|6|7|18|48|51.256|1|1|389|2|
5|4|1649|B|1|0|40|131|4|10|2|4|12|11|5|14|0||||0|9|2015|6|7|18|44|53.976|1|1|480|2|
5|4|1669|B|1|0|34|156|4|11|0|3|15|18|7|9|6||||0|8|2015|6|7|19|7|49.577|1|1|597|2|
5|5|273|C|1|0|51|145|6|11|6|6|18|24|4|4|2||||0|2|2015|6|7|19|12|56.142|1|1|574|2|
5|5|280|B|1|0|68|190|9|12|9|5|11|20|4|3|1||||0|14|2015|6|7|19|12|7.015|1|2|548|2|
5|5|280|C|1|0|75|202|9|11|2|5|14|27|1|3|0||||0|13|2015|6|7|18|59|46.819|1|2|548|2|
5|5|303|C|1|0|34|137|11|13|1|5|5|9|2|1|1||||0|9|2015|6|7|18|44|19.093|1|2|380|2|
5|5|318|C|1|0|54|116|7|5|2|5|8|9|8|3|0||||0|3|2015|6|7|18|59|43.244|1|2|458|2|
5|5|543|C|1|0|36|132|8|28|4|6|74|14|4|3|1||||0|11|2015|6|7|19|7|47.313|1|1|730|2|
5|5|543|S|1|0|2|3|2|1|0|0|2|5|0|0|0||||0|0|2015|6|7|18|45|24.67|1|1|0|2|
5|5|1234|B|1|0|129|95|7|7|0|15|10|32|4|15|1||||0|19|2015|6|7|19|6|22.208|1|1|668|2|
5|5|1241|B|1|0|142|85|7|13|3|11|12|28|5|4|2||||0|17|2015|6|7|19|12|38.855|1|1|650|2|
5|5|1258|S|1|0|33|28|2|2|3|10|8|13|2|3|0||||0|4|2015|6|7|18|39|13.047|1|1|0|2|
5|5|1482|B|1|0|49|184|5|2|4|0|5|17|2|1|1||||1|3|2015|6|7|18|34|58.475|1|2|402|2|
5|5|1488|B|1|0|5|70|1|3|2|1|1|1|2|0|0||||0|4|2015|6|7|18|44|43.511|1|2|154|2|
5|5|1575|B|1|0|65|52|4|10|5|16|20|35|3|11|1||||0|10|2015|6|7|18|47|29.739|1|1|482|2|
5|5|1579|B|1|0|53|102|5|24|1|8|7|20|9|6|2||||0|8|2015|6|7|19|20|35.88|1|1|600|2|
5|6|1224|B|1|0|80|83|2|13|0|10|5|12|5|2|8||||0|3|2015|6|7|19|9|31.61|1|1|505|2|
5|6|1314|C|11|0|61|79|1|16|2|8|9|8|7|8|5||||1|6|2015|6|7|18|54|26.605|1|2|737|2|
5|6|1316|C|1|0|72|87|6|11|0|6|6|12|6|1|2||||0|6|2015|6|7|18|49|18.249|1|1|408|2|
5|6|1327|C|1|0|41|138|2|19|1|11|7|14|7|2|3||||0|9|2015|6|7|19|21|13.538|1|1|547|2|
5|6|1350|B|1|0|115|71|7|26|8|10|20|29|8|8|3||||1|14|2015|6|7|19|8|54.794|1|1|713|2|
5|6|1365|S|1|0|90|37|5|9|3|19|8|20|2|8|3||||0|3|2015|6|7|19|4|18.44|1|1|0|2|
5|6|1466|C|6|0|85|87|6|17|1|3|11|19|5|4|2||||0|7|2015|6|7|19|13|35.976|1|2|703|2|
5|6|1528|C|1|0|58|80|3|16|0|5|14|13|3|4|2||||0|9|2015|6|7|18|50|21.023|1|1|419|2|
5|7|731|B|1|0|99|96|5|10|3|6|12|10|6|10|2||||1|8|2015|6|7|19|18|30.631|1|1|674|2|
5|7|734|C|2|0|198|123|12|6|3|9|14|15|6|5|1||||2|11|2015|6|7|18|57|7.521|1|1|726|2|
5|7|752|C|3|0|127|128|5|7|6|5|23|18|13|12|3||||4|2|2015|6|7|19|11|3.002|1|1|747|2|
5|7|759|C|2|0|141|108|8|9|3|3|21|20|8|10|3||||0|18|2015|6|7|19|6|55.886|1|1|702|2|
5|7|792|B|1|0|28|123|4|10|5|3|13|15|4|5|4||||2|12|2015|6|7|19|8|35.735|1|1|539|2|
5|7|792|C|1|0|38|109|3|17|5|2|15|11|4|10|2||||0|15|2015|6|7|18|50|12.444|1|1|539|2|
5|7|805|B|1|0|36|146|6|12|2|5|13|10|6|4|1||||0|11|2015|6|7|18|52|4.959|2|1|462|2|
5|7|893|C|1|0|55|72|3|2|0|5|13|14|11|8|0||||0|10|2015|6|7|18|54|45.928|1|1|416|2|
5|7|929|B|1|0|43|124|7|2|2|2|6|13|4|3|1||||0|4|2015|6|7|19|16|33.042|1|1|519|2|
5|7|968|B|1|0|62|151|3|5|3|4|9|4|9|1|1||||0|9|2015|6|7|19|12|15.42|1|1|575|2|
6|1|65|E|1|0|69|54|96|4|2|12|1|8|2|1|0||||0|9|2015|6|7|19|15|0.006|1|1|418|5|
6|2|284|B|1|0|77|83|6|4|9|9|1|7|1|1|1||||0|12|2015|6|7|19|10|43.032|1|1|381|5|
6|2|313|C|1|0|130|105|6|5|9|9|3|6|4|0|3||||0|0|2015|6|7|19|21|30.749|1|1|479|5|
7|2|394|B|1|0|1|64|1|109|2|0|2|11|4|0|2||||0|7|2015|6|7|19|11|35.705|1|2|414|3|
7|2|988|E|1|0|2|131|8|129|0|0|0|1|0|0|0||||0|0|2015|6|7|19|16|15.856|1|2|373|3|
7|4|135|C|2|0|10|86|21|127|3|4|9|15|4|6|3||||0|16|2015|6|7|19|2|9.584|1|1|577|3|
7|4|623|B|1|0|7|169|3|123|5|0|1|4|1|0|0||||0|5|2015|6|7|19|4|22.98|1|2|477|3|
7|4|670|B|1|0|6|53|4|139|1|5|25|4|2|2|10||||0|13|2015|6|7|18|33|59.888|1|2|528|3|
7|4|673|B|1|0|7|16|8|87|3|5|1|22|6|2|2||||0|24|2015|6|7|19|20|27.784|1|2|517|3|
7|4|992|B|1|0|13|37|14|84|3|5|24|14|1|4|7||||0|23|2015|6|7|19|0|50.856|1|2|607|3|
7|4|1057|C|2|0|0|54|3|180|4|1|2|8|1|4|0||||0|4|2015|6|7|19|18|25.086|1|1|590|3|
7|5|68|C|1|0|4|162|26|173|1|4|2|2|2|0|1||||0|7|2015|6|7|19|18|28.364|1|2|577|3|
7|5|362|E|1|0|3|99|3|273|1|2|4|2|3|1|6||||0|29|2015|6|7|19|0|17.468|1|2|581|3|
7|5|368|E|2|0|4|99|0|214|1|3|1|4|3|1|12||||0|13|2015|6|7|19|17|31.285|1|2|531|3|
7|5|1143|C|2|0|3|26|14|36|4|5|12|28|10|10|3||||2|28|2015|6|7|19|17|1.832|2|1|729|3|
7|5|1151|E|1|3|5|11|15|43|5|4|9|30|3|5|4||||1|20|2015|6|7|19|9|23.284|1|1|652|3|
7|5|1155|E|1|0|14|42|3|29|2|4|1|4|0|13|3||||0|8|2015|6|7|19|20|51.219|1|2|308|3|
7|6|421|B|1|0|7|132|3|125|0|0|3|15|3|0|4||||0|8|2015|6|7|19|11|24.535|2|2|538|3|
7|6|421|C|1|0|7|128|2|120|0|0|4|21|3|6|8||||0|14|2015|6|7|19|13|25.204|2|2|538|3|
7|6|1702|C|2|0|12|12|3|30|6|8|1|35|5|7|6||||0|23|2015|6|7|19|18|49.802|2|1|534|3|
7|7|1|C|3|0|41|67|7|137|5|3|9|36|1|0|4||||0|5|2015|6|7|19|9|18.909|1|2|688|3|
7|7|98|E|1|2|13|31|0|74|4|5|5|2|3|0|1||||0|7|2015|6|7|19|5|38.94|1|1|594|3|
7|7|106|C|1|0|36|27|4|142|9|2|8|17|3|0|1||||0|7|2015|6|7|19|19|54.305|1|2|528|3|
7|7|1501|B|1|0|10|24|4|47|31|17|5|24|1|2|0||||0|9|2015|6|7|19|4|12.74|1|2|554|3|
7|8|248|E|1|0|3|20|7|62|9|0|6|9|2|6|9||||0|9|2015|6|7|19|16|58.929|1|1|465|3|
7|8|266|E|2|0|3|43|2|66|17|2|5|14|3|2|4||||0|12|2015|6|7|19|18|18.534|1|1|570|3|
7|8|521|B|1|0|0|55|3|117|4|1|5|4|0|0|2||||0|4|2015|6|7|19|17|14.048|1|2|514|3|
7|8|1563|B|1|0|1|3|5|227|0|1|38|9|6|0|3||||0|2|2015|6|7|19|12|28.68|1|2|351|3|
7|8|1777|E|1|0|0|202|0|199|0|0|0|0|0|0|1||||0|1|2015|6|7|19|4|56.436|1|2|449|3|
7|9|1609|C|3|0|10|34|6|69|5|2|1|20|4|8|3||||0|24|2015|6|7|18|47|23.922|2|1|672|3|
7|9|1717|B|1|0|9|32|6|57|4|1|3|32|4|15|9||||1|33|2015|6|7|19|12|20.257|2|1|688|3|
7|9|1725|C|2|0|11|7|5|8|3|2|25|7|11|1|1||||0|1|2015|6|7|18|36|46.269|2|1|509|3|
7|11|168|C|1|0|3|75|1|116|7|2|4|19|7|3|3||||0|11|2015|6|7|19|8|50.067|1|1|475|3|
7|11|537|B|1|0|6|188|8|90|1|0|0|4|3|0|2||||0|3|2015|6|7|19|15|22.805|1|2|497|3|
7|11|594|E|1|0|11|19|3|7|1|0|0|3|1|0|0||||0|5|2015|6|7|18|44|42.126|1|2|291|3|
7|11|773|B|1|0|8|85|19|128|2|2|3|10|3|12|6||||0|8|2015|6|7|19|21|4.002|1|1|549|3|
7|11|790|B|1|0|1|9|31|66|12|13|3|9|7|0|6||||0|12|2015|6|7|18|34|37.302|1|2|603|3|
7|11|1344|B|1|0|30|50|6|128|4|1|3|4|1|1|13||||0|29|2015|6|7|19|5|6.238|1|2|536|3|
7|11|1759|E|1|0|13|48|19|45|8|12|2|28|0|1|0||||0|6|2015|6|7|18|36|10.544|1|2|433|3|
7|12|1263|B|1|0|17|66|3|89|29|5|2|9|2|0|2||||0|6|2015|6|7|19|1|31.482|1|1|407|3|
7|12|1307|C|1|0|22|38|4|24|6|11|5|22|3|2|3||||1|13|2015|6|7|19|15|26.219|1|1|393|3|
7|12|1335|E|1|0|23|21|11|47|3|7|4|19|10|6|9||||0|14|2015|6|7|19|14|55.454|1|1|609|3|
7|12|1340|E|4|3|29|24|7|68|1|2|3|20|3|5|6||||0|17|2015|6|7|19|17|27.243|1|1|574|3|
7|12|1343|C|5|0|18|29|9|67|3|4|3|29|7|6|10||||0|17|2015|6|7|18|59|14.792|1|1|700|3|
7|12|1373|C|1|0|25|51|10|54|4|2|1|9|7|1|4||||0|11|2015|6|7|19|6|6.888|1|2|572|3|
7|12|1597|C|1|0|80|64|2|46|0|1|1|6|1|0|3||||0|4|2015|6|7|19|8|41.467|1|2|441|3|
8|1|2987|B|1|0|6|15|2|6|1|2|3|5|1|0|2||||0|1|2015|6|7|19|21|46.927|1|1|155|1|
8|2|1518|B|1|0|29|53|14|6|1|6|13|13|5|6|4||||0|15|2015|6|7|19|20|57.811|1|1|671|1|
9|1|875|B|1|0|18|17|56|26|4|22|8|45|6|7|2|0|||1|14|2015|6|7|19|3|54.297|1|1|613|4|
9|1|877|B|1|0|3|23|145|16|1|19|2|32|0|0|0|0|||0|21|2015|6|7|19|19|23.681|2|1|642|4|
9|1|877|C|1|0|6|18|149|10|4|17|4|41|2|6|0|0|||0|17|2015|6|7|19|21|46.716|2|1|642|4|
9|2|1005|B|1|0|20|21|49|11|2|5|6|53|8|8|0|0|||0|19|2015|6|7|19|16|31.527|1|1|429|4|
9|2|1478|B|1|0|17|31|40|9|3|2|6|44|3|14|0|1|||0|14|2015|6|7|19|19|34.422|1|1|469|4|
9|3|58|B|1|0|29|27|62|24|6|3|7|83|4|18|2|1|||0|21|2015|6|7|19|13|27.47|1|1|731|4|
9|3|224|B|1|0|35|39|31|12|5|3|11|61|5|9|1|0|||2|12|2015|6|7|19|7|47.98|1|1|449|4|
9|3|261|C|1|0|26|20|32|8|3|5|24|34|8|14|0|1|||0|13|2015|6|7|19|14|57.761|1|1|524|4|
9|3|302|B|1|0|43|23|38|14|1|3|8|54|10|22|2|0|||0|12|2015|6|7|18|55|24.077|1|1|481|4|
9|4|2369|C|1|0|13|11|48|12|7|5|7|69|11|22||1|||2|17|2015|6|7|19|19|53.427|1|1|478|4|
9|6|1313|C|2|0|15|20|65|14|1|0|5|63|7|15|1|0|||0|19|2015|6|7|19|20|58.044|1|1|555|4|
9|6|1315|C|1|0|15|35|49|8|1|6|19|52|8|9|2|0|||0|18|2015|6|7|19|16|58.165|1|1|537|4|
9|6|1548|C|1|0|10|33|41|8|7|3|7|60|8|18|2|0|||0|16|2015|6|7|19|20|14.863|1|1|458|4|
9|6|1554|B|1|0|9|19|40|8|4|2|5|58|6|21|1|1|||0|18|2015|6|7|19|10|15.794|1|1|419|4|
9|7|1166|C|1|0|21|41|34|10|4|3|16|72|12|18|0|1|||0|17|2015|6|7|19|19|33.349|1|1|571|4|
9|8|4877|B|1|0|74|13|4|2|2|9|8|44|10|7|0|0|||2|12|2015|6|7|19|15|58.688|1|1|414|4|
9|10|5151|C|1|0|22|19|72|9|1|8|7|33|3|9|0|1|||1|20|2015|6|7|19|19|40.091|1|1|577|4|
9|14|3884|B|1|0|21|21|35|25|8|7|5|74|5|13||0|||2|19|2015|6|7|19|17|9.177|1|1|510|4|
9|18|1976|C|1|0|52|35|49|16|2|5|8|103|10|35||1|||2|21|2015|6|7|19|17|15.804|1|1|694|4|
9|18|2013|B|1|0|19|26|84|14|7|7|7|69|5|15||0|||0|26|2015|6|7|19|14|0.836|1|1|526|4|
9|19|2191|B|1|0|10|37|76|17|5|10|7|58|4|28||1|||1|16|2015|6|7|18|59|8.127|1|1|612|4|
9|19|2680|B|1|0|17|18|64|12|3|2|12|84|17|19||0|||0|19|2015|6|7|19|15|45.533|1|1|555|4|
9|20|2424|B|1|0|17|27|31|11|6|8|5|85|10|14|1|0|||0|17|2015|6|7|19|1|53.552|1|1|563|4|
9|20|2501|C|1|0|12|24|72|11|5|5|1|70|6|15|0|1|||0|22|2015|6|7|19|5|14.167|1|1|523|4|
9|23|390|C|1|0|9|10|75|9|5|16|6|69|11|7||0|||1|15|2015|6|7|19|11|13.416|1|1|627|4|
9|23|394|B|1|0|20|19|114|4|4|10|8|75|6|14||1|||0|26|2015|6|7|18|46|39.703|1|1|742|4|
9|23|399|B|1|0|48|27|116|12|3|2|3|43|12|19||0|||1|17|2015|6|7|19|10|29.878|1|1|595|4|
9|23|486|C|1|0|11|23|64|11|5|8|6|58|7|10||0|||1|18|2015|6|7|19|15|33.384|1|1|585|4|
9|23|732|C|1|0|158|30|5|1|1|5|8|18|6|10||0|||0|23|2015|6|7|18|57|5.743|1|1|484|4|
10|1|199|C|1|0|26|100|5|12|23|21|22|17|3|9|8||||0|16|2015|6|7|18|54|54.385|1|1|624|1|
10|1|204|C|7|0|37|91|3|11|27|28|14|21|4|10|5||||0|0|2015|6|7|18|41|2.84|1|1|722|1|
10|1|376|C|1|0|46|146|28|8|28|13|6|12|4|4|0||||0|7|2015|6|7|18|56|46.234|1|2|612|1|
10|1|1212|B|1|0|38|79|8|7|5|5|11|9|8|2|6||||0|4|2015|6|7|19|0|34.553|1|1|545|1|
10|1|1371|B|1|0|11|74|2|6|1|0|3|1|0|2|2||||0|1|2015|6|7|19|12|28.879|1|2|249|1|
10|2|452|B|1|0|25|100|5|11|2|6|16|15|6|6|5|0|||0|8|2015|6|7|19|5|19.929|1|1|547|1|
10|2|498|C|1|0|46|65|2|10|1|4|2|22|4|7|4|0|||0|3|2015|6|7|19|11|28.643|1|1|388|1|
10|2|519|B|1|0|49|78|5|9|3|8|6|14|11|10|4|0|||0|13|2015|6|7|18|55|51.871|1|1|476|1|
10|2|603|C|2|0|42|132|10|7|3|4|3|14|3|8|4|0|||0|4|2015|6|7|19|19|41.004|1|2|632|1|
10|2|604|C|1|0|35|116|8|8|5|3|3|10|5|3|4|0|||0|4|2015|6|7|19|18|9.909|1|2|443|1|
10|2|714|C|1|0|55|74|1|7|1|3|4|18|5|7|0|0|||0|5|2015|6|7|18|39|37.661|1|1|406|1|
10|2|751|B|1|0|19|135|10|12|2|3|16|9|1|1|1|0|||0|6|2015|6|7|19|0|59.095|1|1|440|1|
10|2|756|B|1|0|23|146|71|13|7|3|8|44|2|4|2|2|||0|9|2015|6|7|18|51|45.414|1|2|669|1|
10|3|8|B|1|0|36|78|3|7|7|0|11|10|0|3|2||||0|5|2015|6|7|18|34|17.255|1|2|380|1|
10|3|22|B|1|0|62|89|5|5|9|6|6|9|2|4|0||||0|7|2015|6|7|18|43|57.575|1|2|457|1|
10|3|26|C|1|0|47|121|0|4|68|13|4|38|0|1|3||||0|7|2015|6|7|19|13|58.264|1|2|567|1|
10|3|34|B|1|0|6|57|0|2|14|9|1|4|0|0|7||||1|0|2015|6|7|18|28|24.02|1|2|197|1|
10|3|39|B|1|0|18|99|0|4|10|1|4|7|1|1|1||||0|0|2015|6|7|18|37|54.019|1|2|269|1|
10|3|66|B|1|0|53|81|51|9|2|1|14|8|1|2|1||||0|12|2015|6|7|18|52|51.944|1|1|556|1|
10|3|69|S|1|0|11|25|8|1|1|0|3|1|0|0|1||||0|4|2015|6|7|19|11|53.014|1|2|0|1|
10|3|75|B|1|0|32|36|11|5|0|0|3|11|0|1|0||||1|3|2015|6|7|18|47|11.18|1|1|382|1|
10|3|105|B|1|0|17|113|63|36|17|2|0|13|0|2|5||||0|10|2015|6|7|18|40|3.901|1|1|712|1|
10|3|617|C|1|0|17|66|32|5|8|14|12|24|6|9|1||||1|5|2015|6|7|19|15|32.373|1|1|435|1|
10|3|791|B|1|0|24|95|11|4|4|1|2|7|14|2|1||||0|6|2015|6|7|19|12|44.287|1|2|409|1|
10|3|842|B|1|0|31|108|2|3|13|3|1|18|1|6|2||||0|6|2015|6|7|18|50|16.425|1|2|320|1|
10|3|845|B|1|0|41|111|17|3|23|9|2|5|4|2|1||||0|9|2015|6|7|19|6|58.597|1|1|497|1|
10|3|845|C|1|0|46|77|18|5|20|17|9|11|2|1|0||||0|8|2015|6|7|19|8|47.431|1|2|428|1|
10|3|880|B|1|0|18|98|1|17|1|2|0|5|2|1|5||||0|9|2015|6|7|18|54|31.042|1|2|397|1|
10|3|888|C|2|0|11|21|0|24|0|0|2|5|2|4|1||||0|2|2015|6|7|18|34|56.385|1|2|642|1|
10|3|906|B|1|0|91|186|3|7|12|1|28|8|0|0|0||||0|3|2015|6|7|18|49|38.75|1|1|636|1|
10|3|915|B|1|0|28|97|3|6|1|2|13|9|0|1|2||||0|6|2015|6|7|18|43|58.027|1|1|388|1|
10|3|998|B|1|0|57|110|0|9|24|1|2|2|3|3|1||||0|3|2015|6|7|18|46|50.929|1|2|376|1|
10|3|1010|C|1|0|59|127|6|5|2|4|5|23|1|2|1||||0|4|2015|6|7|18|41|1.311|1|2|506|1|
10|3|1075|B|1|0|27|117|4|9|3|1|4|6|1|3|1||||0|4|2015|6|7|19|7|51.574|1|2|380|1|
10|3|1389|B|1|0|51|89|0|33|2|12|3|0|0|3|3||||0|1|2015|6|7|18|53|41.702|1|2|382|1|
10|4|234|B|1|0|93|50|1|9|3|36|6|9|6|6|0|0|||1|19|2015|6|7|19|18|3.646|1|1|415|1|
10|4|276|B|1|0|69|70|6|8|21|42|18|19|5|14|3|0|||0|14|2015|6|7|19|17|14.596|1|1|696|1|
10|4|304|C|2|0|62|64|4|8|19|55|9|10|4|13|0|0|||0|11|2015|6|7|19|4|12.998|1|1|627|1|
10|4|1395|C|1|0|21|36|9|2|34|13|5|6|3|9|1|1|||0|10|2015|6|7|19|20|9.601|1|1|524|1|
10|4|1403|C|1|0|22|66|3|12|18|31|12|11|2|6|2|0|||1|8|2015|6|7|19|5|54.739|1|1|517|1|
11|1|2378|B|1|0|68|74|6|70|7|3|18|8|10|6|1||||0|12|2015|6|7|19|19|17.848|1|1|585|2|
11|1|2379|C|2|0|91|51|6|100|23|0|32|6|7|3|0||||0|8|2015|6|7|19|10|45.984|1|1|668|2|
11|1|2385|B|1|0|131|46|16|88|11|2|31|7|10|5|1||||1|11|2015|6|7|19|10|49.678|1|1|706|2|
11|1|2546|C|1|0|130|73|13|15|4|1|5|18|5|5|2||||1|20|2015|6|7|19|9|47.046|1|1|552|2|
11|2|220|C|1|0|90|47|1|9|6|3|0|1|8|7|1||||0|12|2015|6|7|19|6|10.055|1|2|431|2|
11|2|2527|C|1|0|82|42|24|115|6|3|27|10|2|15|5||||0|22|2015|6|7|18|50|3.242|2|2|718|2|
11|4|811|C|1|0|66|118|4|76|6|1|4|5|3|0|2||||1|8|2015|6|7|18|59|46.521|1|2|566|2|
11|4|837|B|1|0|36|88|48|11|4|3|6|3|6|10|5||||0|4|2015|6|7|18|45|39.602|1|1|610|2|
11|4|904|E|1|0|62|58|4|11|1|1|7|3|8|2|1||||0|5|2015|6|7|19|2|36.587|1|2|375|2|
11|4|906|C|1|0|55|57|5|4|3|3|1|4|0|2|2||||0|4|2015|6|7|18|42|17.724|1|2|385|2|
11|5|1477|B|1|0|132|52|4|23|2|10|9|9|8|7|2||||0|5|2015|6|7|18|57|3.382|1|2|712|2|
11|5|1483|C|3|0|103|40|1|17|1|4|6|4|3|10|5||||0|5|2015|6|7|19|4|3.193|1|1|631|2|
11|5|1490|C|1|0|80|39|2|19|0|8|8|8|6|5|7||||0|4|2015|6|7|18|42|44.423|1|2|677|2|
11|5|1711|C|3|0|237|31|3|15|0|11|6|11|10|10|0||||10|28|2015|6|7|19|11|55.507|1|1|679|2|
11|5|1722|B|1|0|144|58|4|30|4|4|14|21|10|14|2||||0|12|2015|6|7|19|17|37.062|1|1|674|2|
11|5|1735|B|1|0|118|47|5|19|3|2|13|4|8|7|0||||0|5|2015|6|7|19|12|32.576|1|1|515|2|
11|5|1789|B|1|0|123|33|1|13|1|3|15|6|3|7|3||||0|9|2015|6|7|19|18|30.001|1|1|452|2|
11|5|1829|B|1|0|160|28|0|16|0|19|4|9|3|10|1||||0|8|2015|6|7|19|20|2.59|1|1|528|2|
11|5|1837|B|1|0|140|51|4|16|3|3|10|3|3|7|2||||1|14|2015|6|7|19|12|54.341|1|1|594|2|
11|5|3008|C|1|0|82|20|2|34|2|5|4|5|3|5|0||||0|3|2015|6|7|19|14|29.74|1|1|445|2|
11|5|3009|C|1|0|133|26|4|18|2|4|5|2|5|11|2||||0|5|2015|6|7|19|18|54.194|1|1|553|2|
11|5|3023|C|1|0|50|60|3|13|1|3|1|3|5|12|3||||0|5|2015|6|7|19|15|41.399|1|1|491|2|
11|6|1643|C|4|0|103|63|3|21|3|4|8|6|4|13|0||||0|5|2015|6|7|19|8|56.448|1|1|694|2|
11|6|1646|B|1|0|87|65|3|19|2|4|3|8|3|5|6||||0|7|2015|6|7|19|14|11.639|1|1|683|2|
11|6|1649|B|1|0|100|103|3|18|2|3|7|9|6|10|5||||0|10|2015|6|7|18|59|11.072|1|1|680|2|
11|6|1649|C|1|0|110|102|4|22|3|2|4|7|6|10|10||||0|12|2015|6|7|19|13|18.704|1|1|680|2|
11|6|1651|B|1|0|114|42|0|15|0|3|3|4|3|7|4||||0|9|2015|6|7|19|5|4.416|1|2|589|2|
11|6|1659|C|1|0|119|85|3|13|1|1|5|4|8|3|6||||0|11|2015|6|7|18|48|16.383|1|2|610|2|
11|6|1844|B|1|0|85|62|2|8|0|2|5|1|2|3|3||||1|10|2015|6|7|19|11|57.367|1|1|400|2|
11|6|1848|B|1|0|115|42|2|20|0|9|9|11|8|8|4||||0|11|2015|6|7|18|51|13.865|1|1|541|2|
11|6|3124|C|1|0|133|24|5|21|3|2|13|23|7|17|1||||0|11|2015|6|7|19|16|46.585|1|1|575|2|
11|7|2044|B|1|0|156|40|3|13|1|1|1|3|0|3|1||||1|5|2015|6|7|19|7|26.315|1|2|631|2|
11|7|2059|B|1|0|127|54|41|14|1|0|64|22|2|3|0||||0|13|2015|6|7|19|16|6.386|1|1|616|2|
11|7|2099|C|1|0|58|55|48|23|0|0|24|5|0|0|0||||0|5|2015|6|7|19|3|29.841|1|2|400|2|
11|7|2448|C|1|0|178|46|0|43|5|0|5|0|5|5|1||||2|11|2015|6|7|19|15|56.024|1|1|544|2|
11|7|2461|B|1|0|98|62|1|45|6|1|9|5|6|2|0||||0|7|2015|6|7|18|59|23.176|1|1|408|2|
11|7|2656|C|3|0|77|47|18|26|3|3|19|27|8|5|0||||3|13|2015|6|7|19|18|28.801|1|1|643|2|
11|7|2682|C|1|0|78|36|50|34|3|1|7|18|5|3|0||||0|10|2015|6|7|18|31|1.454|1|1|580|2|
11|8|2109|C|3|0|113|40|5|47|6|13|16|34|22|21|0||||0|11|2015|6|7|19|10|55.271|1|2|684|2|
11|8|2236|C|1|0|122|69|31|18|2|2|5|2|2|0|8||||0|10|2015|6|7|19|7|19.729|1|2|617|2|
11|8|2256|B|1|0|90|36|3|29|0|0|0|2|3|8|0||||0|4|2015|6|7|19|8|14.58|1|2|459|2|
11|8|2924|C|1|0|163|24|3|21|0|13|173|4|11|7|0||||0|2|2015|6|7|19|21|15.85|1|2|694|2|
11|10|1871|B|1|0|61|38|52|70|7|7|6|7|7|3|0||||0|12|2015|6|7|18|43|46.311|1|1|465|2|
11|10|1871|C|1|0|78|37|52|54|4|13|10|4|6|0|0||||0|14|2015|6|7|18|45|46.358|1|1|465|2|
11|10|2319|C|1|0|95|110|7|17|3|3|4|15|8|4|2||||1|14|2015|6|7|18|55|22.905|1|2|624|2|
11|10|2765|B|1|0|121|111|10|52|1|12|10|10|1|5|0||||0|9|2015|6|7|19|10|53.909|1|2|553|2|
11|10|2973|C|1|0|22|28|0|101|1|1|9|6|29|1|0||||0|4|2015|6|7|19|4|42.135|1|2|380|2|
11|11|14|B|1|0|47|23|2|82|0|1|2|1|0|1|0||||0|1|2015|6|7|19|3|42.287|1|2|372|2|
11|11|18|C|1|0|56|28|8|71|0|1|3|10|1|0|0||||0|8|2015|6|7|19|13|35.61|1|2|420|2|
11|11|582|C|1|0|128|127|14|10|1|1|12|0|0|4|2||||0|15|2015|6|7|19|13|29.983|1|2|528|2|
11|11|601|C|1|0|105|82|57|11|3|0|2|0|1|0|3||||0|5|2015|6|7|19|7|4.038|1|2|429|2|
11|11|1913|C|2|0|179|51|25|7|4|3|5|3|4|2|0||||0|20|2015|6|7|19|16|4.94|1|1|673|2|
11|11|1918|B|1|0|129|56|9|9|5|2|7|4|3|3|2||||0|16|2015|6|7|19|2|20.89|1|1|431|2|
11|11|2000|B|1|0|78|98|5|10|2|2|5|4|3|1|1||||2|7|2015|6|7|19|8|9.951|1|1|403|2|
11|12|506|B|1|0|87|41|10|19|1|31|5|5|2|4|0||||0|10|2015|6|7|19|9|26.167|1|2|573|2|
11|12|559|B|1|0|75|33|49|13|6|2|9|1|2|1|1||||0|8|2015|6|7|19|14|24.55|1|2|492|2|
11|12|3113|B|1|0|57|29|18|14|5|15|6|12|4|12|1||||0|11|2015|6|7|19|17|55.504|1|1|423|2|
11|13|563|C|1|0|80|83|7|18|5|7|4|10|1|0|4||||0|11|2015|6|7|19|22|4.151|1|2|605|2|
11|14|1241|B|1|0|33|48|39|132|1|7|4|0|1|2|3||||0|13|2015|6|7|19|8|51.361|1|2|626|2|
12|2|2396|B|1|0|7|15|38|10|0|11|2|1|2|0|0|0|||0|2|2015|6|7|19|3|18.366|1|2|132|4|
12|7|915|B|1|0|0|98|50|53|1|11|25|16|4|1|5|0|||0|6|2015|6|7|19|18|36.807|1|2|414|4|
12|7|1308|E|1|0|4|88|19|0|4|18|2|1|3|0|0|2|||0|2|2015|6|7|19|5|35.514|1|2|321|4|
12|8|1001|B|1|0|17|110|121|5|9|20|9|15|8|0|7|6|||0|16|2015|6|7|19|15|7.513|1|2|505|4|
12|8|1006|C|1|0|15|109|92|8|2|25|10|15|7|5|3|0|||0|8|2015|6|7|19|13|0.444|1|2|437|4|
12|8|1009|B|1|0|1|76|28|0|0|9|1|4|9|0|0|0|||0|10|2015|6|7|19|8|0.62|1|2|172|4|
12|9|280|B|1|0|10|80|74|10|13|14|5|6|5|9|5|9|||0|12|2015|6|7|19|21|47.109|1|1|605|4|
13|1|466|B|1|0|9|83|17|0|1|0|83|13|9|60|1||||0|3|2015|6|7|19|9|27.154|1|1|489|5|
13|1|466|C|1|0|17|73|7|2|1|2|86|15|6|86|0||||0|7|2015|6|7|19|11|43.498|1|1|489|5|
13|1|484|B|1|0|16|145|9|2|3|7|8|12|8|89|2||||0|21|2015|6|7|19|4|29.683|1|2|552|5|
13|1|1575|C|1|0|23|161|46|2|5|0|1|3|1|49|0||||0|18|2015|6|7|19|22|15.095|1|2|397|5|
13|2|312|C|1|0|18|93|65|3|2|2|20|2|1|2|0||||0|7|2015|6|7|19|19|49.827|1|2|383|5|
13|2|597|C|2|0|51|124|45|11|11|0|13|11|1|7|4||||0|8|2015|6|7|19|10|6.18|1|2|584|5|
13|2|782|B|1|0|34|53|51|0|1|0|0|4|2|2|0||||0|3|2015|6|7|19|3|2.042|1|2|262|5|
13|2|979|B|1|0|39|40|2|0|0|0|2|1|0|5|0||||0|10|2015|6|7|19|1|54.227|1|2|220|5|
13|2|1081|B|1|0|7|24|62|8|1|2|33|25|1|5|0||||0|4|2015|6|7|18|58|28.748|1|2|418|5|
13|2|1084|C|1|0|10|47|56|5|2|1|55|42|6|5|0||||0|112|2015|6|7|18|59|41.646|1|2|409|5|
13|2|1086|E|1|0|1|74|63|7|2|4|6|16|2|3|1||||0|4|2015|6|7|19|4|6.784|1|2|411|5|
13|2|1088|E|1|0|4|89|80|17|2|1|6|17|0|3|2||||0|8|2015|6|7|19|11|44.118|1|2|644|5|
13|2|1098|B|1|0|8|117|8|5|1|1|8|12|1|5|0||||2|18|2015|6|7|19|1|7.136|1|2|412|5|
13|2|1157|C|1|0|26|81|8|27|11|5|7|8|4|0|0||||0|6|2015|6|7|19|14|40.731|1|2|501|5|
13|4|1|C|2|0|25|87|17|17|2|3|7|8|1|17|4||||0|5|2015|6|7|18|56|35.186|1|2|501|5|
13|4|72|E|1|0|31|43|9|9|0|2|17|2|1|1|1||||0|5|2015|6|7|19|18|47.92|1|2|260|5|
13|4|402|B|1|0|12|76|12|24|0|5|5|15|2|17|3||||0|8|2015|6|7|19|9|38.65|1|2|408|5|
13|4|670|C|1|0|12|49|48|10|3|2|40|4|6|5|1||||0|3|2015|6|7|19|1|47.438|1|2|378|5|
13|4|817|B|1|0|26|80|14|27|9|4|25|4|3|3|3||||0|2|2015|6|7|19|18|52.616|1|2|629|5|
13|4|1531|C|1|0|31|49|12|1|2|3|14|18|4|17|2||||0|7|2015|6|7|18|54|31.659|1|1|468|5|
13|4|1534|B|1|0|50|109|14|7|8|6|15|26|8|39|4||||0|16|2015|6|7|19|15|2.377|1|1|666|5|
13|4|1535|C|2|0|73|54|19|5|4|8|11|20|6|39|1||||0|17|2015|6|7|19|22|0.201|1|1|566|5|
13|4|1536|E|1|2|51|55|16|9|1|11|62|36|8|36|0||||0|17|2015|6|7|19|18|50.54|1|2|704|5|
13|4|1554|C|5|0|22|73|8|5|3|8|19|13|1|30|1||||0|13|2015|6|7|19|10|11.493|1|2|685|5|
13|5|289|C|1|0|29|109|19|51|5|4|14|21|4|2|1||||0|9|2015|6|7|19|4|8.629|1|2|565|5|
13|5|806|C|1|0|56|101|18|110|1|3|25|35|0|7|5||||0|7|2015|6|7|19|19|28.47|1|2|648|5|
13|5|1310|B|1|0|93|68|23|7|6|0|16|12|1|15|0||||1|7|2015|6|7|19|15|8.65|1|2|684|5|
13|6|734|B|1|0|52|77|11|4|2|4|19|27|5|28|1||63||0|17|2015|6|7|19|15|24.145|1|2|719|5|
13|6|836|B|1|0|35|78|6|13|7|4|19|19|5|24|3||24||0|4|2015|6|7|19|18|41.639|1|1|540|5|
13|6|840|C|1|0|23|70|4|14|1|8|8|12|3|13|1||18||0|16|2015|6|7|19|10|3.189|1|1|411|5|
13|6|845|B|1|0|26|62|8|6|1|3|6|9|7|11|1||29||0|11|2015|6|7|19|12|27.224|1|1|480|5|
13|6|852|C|7|0|18|72|10|13|2|1|14|18|6|10|4||27||0|9|2015|6|7|19|2|7.318|1|2|748|5|
13|6|879|C|5|0|22|71|7|12|12|8|26|22|8|23|2||59||0|15|2015|6|7|19|11|36.2|1|1|682|5|
13|6|893|B|1|0|29|46|2|2|6|1|12|7|3|6|1||49||0|4|2015|6|7|18|57|41.637|1|1|293|5|
13|6|913|C|2|0|34|64|6|11|9|7|21|10|9|15|2||58||0|18|2015|6|7|19|11|20.264|1|1|601|5|
13|6|1741|B|1|0|38|76|3|13|8|2|19|15|6|21|0||63||0|19|2015|6|7|19|18|57.206|1|2|653|5|
13|7|126|B|1|0|10|131|24|7|5|3|50|10|2|22|0||||0|11|2015|6|7|19|9|4.049|1|2|639|5|
13|7|262|C|2|0|39|99|13|12|7|1|24|11|5|18|1||||0|5|2015|6|7|18|33|56.858|1|2|743|5|
13|7|266|B|1|0|11|60|6|13|5|4|19|19|5|5|1||||0|8|2015|6|7|18|45|33.176|1|2|543|5|
13|7|367|C|1|0|18|51|10|13|4|3|24|23|6|15|3||||0|12|2015|6|7|19|0|2.725|1|2|469|5|
13|7|1199|C|2|0|12|52|28|19|4|12|54|18|7|18|2||||0|12|2015|6|7|19|10|49.404|1|2|542|5|
13|7|1352|C|3|0|23|64|9|12|3|6|23|22|18|17|0||||3|16|2015|6|7|19|15|21.602|1|1|652|5|
13|7|1363|B|1|0|30|116|9|11|6|14|24|22|11|41|2||||1|10|2015|6|7|19|14|43.577|1|2|668|5|
13|7|1631|B|1|0|12|150|8|21|3|4|79|6|3|26|2||||0|8|2015|6|7|19|16|40.793|1|2|667|5|
13|7|1642|C|2|0|12|93|14|8|4|7|72|20|8|7|1||||1|7|2015|6|7|19|2|57.95|1|2|506|5|
13|7|1771|B|1|0|17|54|18|15|7|4|10|29|10|14|3||||0|17|2015|6|7|19|21|5.071|1|2|652|5|
14|1|445|B|1|0|17|135|35|11|94|109|13|23|2|3|1||||0|11|2015|6|7|19|18|15.922|1|2|606|1|
14|1|1554|B|1|0|28|117|60|12|5|3|0|1|1|1|0||||0|2|2015|6|7|19|0|28.995|1|2|360|1|
14|2|526|B|1|0|158|55|0|4|1|14|2|5|3|9|3||||0|7|2015|6|7|18|47|41.636|1|2|507|1|
14|2|1706|C|1|0|106|101|1|8|2|94|11|10|6|8|8||||0|14|2015|6|7|18|56|43.53|1|1|646|1|
14|2|1735|C|4|0|76|99|3|8|4|94|7|6|0|2|4||||0|10|2015|6|7|19|20|56.109|1|1|613|1|
14|2|2084|B|1|0|137|51|1|100|0|49|10|7|5|3|1||||0|11|2015|6|7|19|7|50.89|1|1|630|1|
14|2|2092|B|1|0|158|21|1|51|1|9|8|2|2|1|3||||0|4|2015|6|7|18|47|33.896|1|2|587|1|
14|2|2095|B|1|0|87|8|0|12|0|8|1|0|2|0|1||||0|6|2015|6|7|18|43|46.679|1|2|230|1|
14|3|2055|B|1|0|215|249|0|6|0|19|2|3|2|5|1||||0|8|2015|6|7|19|17|1.398|1|1|723|1|
14|3|2358|B|1|0|81|90|1|8|2|101|2|5|15|6|2||||0|13|2015|6|7|19|6|45.553|1|1|606|1|
14|4|2918|B|1|0|116|48|4|11|1|118|2|11|9|5|1||||1|14|2015|6|7|19|16|13.895|1|1|593|1|
14|4|2946|B|1|0|35|126|4|13|9|107|14|5|7|7|0||||0|11|2015|6|7|19|10|58.113|1|1|745|1|
14|4|2953|C|2|0|31|97|2|11|5|99|8|14|6|8|4||||0|12|2015|6|7|19|16|23.71|1|1|660|1|
14|4|3011|C|3|0|18|115|3|17|5|56|4|7|5|12|3||||0|6|2015|6|7|19|17|43.026|1|1|652|1|
14|7|2684|C|6|0|35|104|11|12|6|68|10|7|5|5|2||||0|9|2015|6|7|19|17|58.745|1|2|720|1|
14|7|2693|C|3|0|44|103|12|9|5|62|11|12|5|10|2||||0|11|2015|6|7|19|14|44.6|1|1|632|1|
14|7|2699|C|1|0|33|76|5|7|6|73|9|15|11|5|2||||0|7|2015|6|7|18|34|39.969|1|1|593|1|
14|7|2710|C|8|0|38|68|11|11|5|109|17|11|5|10|0||||0|5|2015|6|7|19|14|50.427|1|1|725|1|
14|7|2720|C|1|0|26|73|6|5|7|8|8|6|10|4|0||||0|8|2015|6|7|18|51|5.559|1|1|625|1|
14|7|2724|C|2|0|40|41|4|3|7|76|12|6|5|7|0||||0|6|2015|6|7|19|11|28.491|1|2|721|1|
14|11|664|C|2|0|31|75|7|7|5|118|20|15|4|4|4||||0|21|2015|6|7|19|18|37.277|1|1|625|1|
14|11|709|C|1|0|18|88|5|7|3|104|12|7|5|2|1||||0|7|2015|6|7|19|14|29.786|1|1|477|1|
14|11|1397|B|1|0|24|88|6|6|7|134|9|3|2|13|4||||0|6|2015|6|7|18|49|49.491|1|1|588|1|
14|11|1432|B|1|0|36|72|4|7|5|106|11|4|1|11|2||||1|7|2015|6|7|18|46|41.16|1|1|502|1|
14|13|1063|B|1|0|54|70|11|1|2|114|13|15|8|19|0||||1|8|2015|6|7|18|56|16.176|1|1|541|1|
14|13|1504|B|1|0|43|66|1|6|5|148|17|19|13|14|0||||0|15|2015|6|7|19|21|0.55|1|1|647|1|
14|16|2607|C|3|0|19|60|5|10|6|89|6|16|1|11|3||||0|9|2015|6|7|19|0|39.371|1|1|626|1|
14|16|3339|C|1|0|28|83|2|10|3|63|2|2|4|3|3||||0|8|2015|6|7|19|17|31.888|1|1|515|1|
14|17|192|B|1|0|67|119|3|35|1|25|7|0|0|0|2||||0|6|2015|6|7|19|20|29.143|1|2|397|1|
14|17|2429|B|1|0|55|132|4|59|44|10|13|9|3|3|1||||0|5|2015|6|7|18|53|30.624|1|1|597|1|
14|18|406|C|1|0|45|118|16|4|0|56|2|0|31|0|0||||0|6|2015|6|7|19|18|24.774|1|2|615|1|
14|19|2169|C|1|0|36|49|56|9|11|44|18|20|10|4|2||||1|7|2015|6|7|19|7|42.477|1|2|441|1|
14|19|2176|B|1|0|72|67|39|10|7|20|33|14|10|3|5||||0|11|2015|6|7|18|50|22.343|1|2|607|1|
15|1|25|B|1|0|82|111|6|10|7|4|12|5|1|4|0||||0|14|2015|6|7|19|9|56.735|1|2|435|5|
15|1|26|E|1|0|127|155|13|9|6|4|35|11|5|9|3||||0|11|2015|6|7|19|13|44.433|1|2|609|5|
15|1|2278|B|1|0|11|113|30|5|1|1|45|3|0|2|0||||0|7|2015|6|7|19|5|18.298|1|2|296|5|
15|2|662|C|2|0|78|47|20|4|17|22|9|21|6|10|1||||0|6|2015|6|7|19|6|51.429|1|1|500|5|
15|2|4582|B|1|0|68|82|41|0|0|98|7|33|13|14|0||||0|6|2015|6|7|18|45|19.856|1|1|743|5|
15|5|241|C|1|0|20|134|18|6|50|2|8|49|2|13|0||||0|16|2015|6|7|19|18|46.704|1|1|565|5|
15|5|479|B|1|0|101|109|3|0|12|4|5|7|2|10|1||||0|5|2015|6|7|19|21|19.078|1|2|317|5|
15|11|1331|C|1|0|42|69|48|6|7|8|15|36|9|19|0||||1|28|2015|6|7|18|59|24.231|1|1|591|5|
15|12|6245|C|2|0|18|97|75|4|3|9|7|31|5|12|1||||0|10|2015|6|7|19|20|51.376|1|1|618|5|
15|13|1489|C|1|0|13|52|14|13|4|9|10|28|6|13|1||||1|14|2015|6|7|19|21|1.222|1|1|392|5|
15|13|1570|C|1|0|15|67|23|8|6|10|12|46|4|8|8||||0|14|2015|6|7|19|3|56.017|1|1|607|5|
15|13|1578|B|1|0|32|102|32|12|5|5|4|37|3|11|6||||0|30|2015|6|7|19|5|56.024|1|1|651|5|
15|14|329|B|1|0|152|10|10|14|3|8|18|17|10|13|2||||0|23|2015|6|7|19|18|57.528|2|1|707|5|
15|16|4818|C|1|0|30|51|32|7|28|3|7|31|8|12|1||||1|10|2015|6|7|19|19|25.226|1|1|525|5|
15|19|4916|B|1|0|52|62|25|5|8|18|10|16|11|17|1||||0|14|2015|6|7|19|21|35.204|1|1|502|5|
15|20|3127|B|1|0|21|69|67|3|0|1|8|45|5|12|0||||0|14|2015|6|7|19|13|9.483|1|1|445|5|
15|20|3141|B|1|0|8|64|101|5|3|3|4|43|5|11|2||||0|11|2015|6|7|19|6|15.486|1|1|615|5|
15|20|3194|B|1|0|46|65|69|8|6|9|10|42|6|16|0||||0|19|2015|6|7|19|1|47.084|1|1|551|5|
15|20|3202|C|1|0|40|75|104|6|5|13|5|63|7|20|1||||1|21|2015|6|7|19|15|8.338|1|1|672|5|
15|20|3207|B|1|0|26|69|48|7|4|8|7|40|10|23|0||||1|24|2015|6|7|19|3|9.57|1|1|503|5|
15|20|3237|C|1|0|6|58|131|6|2|0|7|9|4|9|1||||0|10|2015|6|7|19|14|23.288|1|1|500|5|S
15|20|3239|C|1|0|10|62|138|9|2|3|9|23|3|13|0||||0|6|2015|6|7|19|11|39.337|1|1|541|5|
15|20|3244|B|1|0|2|42|159|8|5|9|10|14|4|6|0||||0|6|2015|6|7|19|9|32.643|1|1|562|5|
15|21|2762|C|3|0|67|64|15|11|4|7|8|24|8|10|3||||1|14|2015|6|7|19|7|11.847|1|1|564|5|
15|22|2820|C|1|0|52|114|12|10|6|6|7|43|13|15|5||||0|16|2015|6|7|19|13|11.125|1|1|589|5|
15|22|3019|B|1|0|39|56|13|9|5|10|4|27|7|16|2||||0|10|2015|6|7|18|56|27.317|1|1|517|5|
15|27|2513|B|1|0|78|103|11|9|47|8|13|26|12|25|0||||1|20|2015|6|7|19|20|35.913|1|1|629|5|
15|27|2523|B|1|0|35|108|3|5|13|14|11|24|6|13|0||||0|10|2015|6|7|18|50|30.367|1|1|403|5|
15|27|2528|C|1|0|97|101|8|7|28|7|8|32|11|21|0||||1|17|2015|6|7|19|14|45.003|1|1|606|5|
15|28|4213|E|1|1|63|136|31|13|1|6|6|48|21|35|7||||0|17|2015|6|7|19|21|18.625|1|2|637|5|
15|28|6273|B|1|0|23|132|16|12|1|13|9|37|7|18|4||||0|17|2015|6|7|19|12|15.736|1|1|660|5|
15|29|3305|B|1|0|8|66|172|8|2|1|3|23|3|9|10||||0|13|2015|6|7|19|14|1.194|1|1|598|5|
15|29|3314|C|2|0|12|39|160|2|2|4|7|19|3|7|1||||0|7|2015|6|7|19|15|35.595|1|1|505|5|
15|30|3101|B|1|0|21|47|108|6|4|7|6|19|3|9|0||||0|16|2015|6|7|19|16|16.457|1|1|437|5|
15|30|3573|C|1|0|4|55|102|7|3|5|2|33|2|7|2||||0|9|2015|6|7|19|13|3.173|1|1|558|5|
15|30|3639|B|1|0|4|49|67|8|4|4|7|32|8|2|1||||0|10|2015|6|7|19|13|33.333|1|1|481|5|
15|30|3639|C|1|0|3|68|71|9|2|2|8|23|4|6|1||||0|16|2015|6|7|19|16|0.022|1|1|481|5|
15|31|3605|B|1|0|3|47|94|12|1|4|4|23|0|8|2||||1|9|2015|6|7|19|3|18.566|1|1|476|5|
15|32|934|B|1|0|6|46|60|5|2|47|8|91|10|15|1||||1|4|2015|6|7|19|20|36.024|1|1|613|5|
15|33|198|C|1|0|21|78|21|8|4|52|10|27|5|42|2||||0|11|2015|6|7|19|17|16.721|1|1|419|5|
15|33|2378|C|2|0|19|148|60|5|3|51|4|10|4|8|2||||0|17|2015|6|7|19|20|53.792|1|2|507|5|
15|36|4288|B|1|0|62|44|48|0|0|1|0|1|0|1|0||||0|4|2015|6|7|19|18|39.884|1|2|230|5|
15|38|4631|B|1|0|13|48|24|2|2|7|8|207|8|12|1||||0|8|2015|6|7|19|13|30.28|1|1|571|5|
15|38|5981|B|1|0|5|140|13|6|6|7|6|25|7|10|1||||0|5|2015|6|7|18|54|52.578|1|1|521|5|
15|39|3983|C|3|0|17|104|74|13|5|10|5|32|10|8|4||||0|12|2015|6|7|19|14|39.893|1|1|626|5|
15|39|6370|C|1|0|8|80|50|8|3|6|1|39|20|26|1||||0|15|2015|6|7|19|18|22.002|1|1|615|5|
16|2|408|B|1|0|7|46|63|2|2|1|1|7|0|1|1|1|||0|7|2015|6|7|19|0|4.951|1|2|193|5|
16|2|1606|B|1|0|67|69|36|8|2|3|15|10|7|14|0|1|||0|15|2015|6|7|18|52|7.978|1|1|410|5|
16|3|359|C|1|0|88|56|92|8|3|2|3|0|1|0|3|4|||0|12|2015|6|7|19|18|26.191|1|2|461|5|
16|4|1682|B|1|0|21|72|81|2|1|3|3|4|2|1|3|0|||0|7|2015|6|7|18|54|6.251|1|2|287|5|
16|4|1724|C|1|0|79|103|24|8|2|3|1|7|2|2|2|0|||0|9|2015|6|7|18|45|31.726|1|1|416|5|
16|7|1663|B|1|0|139|154|34|28|6|45|4|7|3|9|1|0|||0|39|2015|6|7|19|11|20.479|1|2|662|5|
17|1|190|B|1|0|61|48|31|24|6|12|14|46|4|20||0|||0|35|2015|6|7|19|21|24.439|1|1|701|4|
17|2|406|C|4|0|35|23|57|135|13|14|8|12|25|13||1|||0|14|2015|6|7|19|19|31.114|1|2|620|4|
18|3|118|C|10|0|26|54|8|6|0|10|2|6|0|2||6|||0|6|2015|6|7|19|11|48.474|1|1|706|1|
19|3|1782|C|2|0|161|53|6|9|5|51|14|12|13|18|0|0|||0|5|2015|6|7|19|9|52.721|1|1|502|2|
19|4|1774|B|1|0|205|77|6|22|10|26|9|7|10|22|0|0|||0|9|2015|6|7|19|19|24.823|1|1|713|2|
19|4|1812|B|1|0|96|60|4|13|6|15|3|10|5|29|0|0|||0|5|2015|6|7|19|16|3.455|1|1|519|2|
19|4|1813|C|2|0|77|93|0|11|3|18|8|11|2|11|0|0|||0|9|2015|6|7|19|5|11.236|1|1|534|2|
19|4|1900|C|1|0|217|38|4|16|4|71|20|11|11|10|0|0|||0|9|2015|6|7|19|19|53.036|1|1|564|2|
19|4|1964|B|1|0|237|45|4|19|7|69|14|13|19|14|0|0|||0|3|2015|6|7|18|56|55.66|1|1|665|2|
19|7|1141|B|1|0|48|46|2|7|4|24|5|4|5|6|1|0|||0|3|2015|6|7|18|51|44.253|1|1|278|2|
19|7|1207|B|1|0|44|127|4|7|5|38|4|15|3|7|0|0|||0|4|2015|6|7|18|58|23.901|1|1|460|2|
19|7|1284|B|1|0|88|53|9|6|10|45|12|15|8|16|0|0|||0|2|2015|6|7|19|20|16.83|1|1|443|2|
19|7|1631|B|1|0|67|63|17|8|11|35|4|10|6|6|0|0|||0|6|2015|6|7|19|14|49.585|1|1|346|2|
19|8|661|B|1|0|137|134|4|10|4|36|6|4|4|6|0|0|24||0|5|2015|6|7|18|59|35.644|1|1|507|2|
19|9|271|E|1|0|198|256|4|1|3|0|12|0|0|1|9|0|||0|4|2015|6|7|19|12|10.267|1|2|566|2|
19|9|276|B|1|0|143|137|0|3|0|0|1|0|1|0|0|0|||0|5|2015|6|7|18|59|15.994|1|2|341|2|
19|9|888|E|1|0|71|84|5|5|2|2|37|0|2|3|2|0|||0|12|2015|6|7|19|21|29.493|1|2|359|2|
20|1|337|C|1|0|5|95|52|17|5|1|1|13|1|3||0|||0|8|2015|6|7|19|1|21.899|2|1|408|3|
20|1|1042|C|2|0|14|73|67|6|7|19|12|53|5|3||2|||0|7|2015|6|7|19|21|37.352|2|2|654|3|
20|1|1081|E|1|0|35|38|48|82|2|5|11|66|3|3||2|||0|17|2015|6|7|19|15|49.918|2|2|710|3|
20|2|1090|B|1|0|37|31|49|2|0|11|16|22|0|1||0|||0|8|2015|6|7|19|11|31.96|2|2|389|3|
20|3|212|B|1|0|27|31|4|1|0|2|3|12|3|1||3|||0|9|2015|6|7|18|58|37.62|1|1|575|3|
20|3|212|C|1|0|22|29|9|6|0|0|0|12|1|1||2|||0|5|2015|6|7|19|0|32.644|1|1|574|3|
20|3|720|C|1|0|13|47|35|14|8|8|1|41|9|12||2|||0|18|2015|6|7|18|43|43.376|1|2|731|3|
20|3|1359|E|1|0|0|39|4|5|2|0|1|5|1|2||1|||0|6|2015|6|7|19|20|13.068|1|2|123|3|
20|3|1428|C|1|0|19|67|17|10|1|4|16|35|1|3||1|||0|11|2015|6|7|18|52|36.667|1|2|482|3|
20|3|2188|E|1|0|17|52|51|5|4|4|1|16|0|0||3|||0|5|2015|6|7|18|55|32.886|1|2|381|3|
20|4|766|C|1|0|8|52|16|3|2|3|4|29|2|5||0|||0|10|2015|6|7|19|6|43.361|1|2|604|3|
20|4|1441|B|1|0|55|73|5|15|1|1|9|26|4|6||1|||0|19|2015|6|7|19|0|43.926|1|2|492|3|
20|4|2069|C|2|0|33|35|37|8|9|1|11|36|5|5||0|||0|5|2015|6|7|19|1|3.532|1|2|670|3|
20|5|2215|C|2|0|9|37|61|14|6|2|4|30|9|95||5|||0|12|2015|6|7|19|3|35.912|1|1|667|3|
20|8|477|B|1|0|15|60|28|22|7|1|23|21|5|13||2|||0|13|2015|6|7|18|52|13.096|1|1|626|3|
20|8|505|B|1|0|41|43|40|6|14|6|14|53|11|11||2|||0|21|2015|6|7|19|11|12.45|1|1|665|3|
20|8|525|C|1|0|16|51|31|10|10|6|14|26|9|20||1|||0|17|2015|6|7|18|53|9.241|1|1|466|3|
20|8|530|C|1|0|35|46|53|18|4|8|10|16|8|23||0|||2|28|2015|6|7|19|16|11.787|1|1|548|3|
20|8|558|C|1|0|12|35|29|36|4|4|6|15|1|15||0|||0|19|2015|6|7|19|19|29.345|1|1|466|3|
20|8|559|B|1|0|18|40|51|8|7|3|6|33|6|11||1|||0|13|2015|6|7|18|54|52.82|1|1|558|3|
20|8|583|B|1|0|40|56|32|15|7|4|14|25|3|20||2|||1|18|2015|6|7|19|0|17.607|1|1|594|3|
20|8|583|C|1|0|31|51|37|13|7|2|6|20|5|17||0|||2|18|2015|6|7|19|4|15.171|1|1|594|3|
20|8|1605|C|1|0|20|47|54|21|15|3|12|25|4|5||2|||0|12|2015|6|7|19|21|3.354|1|2|551|3|
20|8|1721|C|2|0|14|46|52|10|3|4|6|31|0|11||2|||0|18|2015|6|7|19|15|58.901|1|1|692|3|
20|9|158|C|2|0|63|48|41|21|2|5|5|50|4|9||1|||0|25|2015|6|7|19|19|53.397|1|2|649|3|
20|9|799|C|1|0|33|51|6|10|1|2|5|39|4|20||0|||3|16|2015|6|7|19|2|14.497|1|1|678|3|
20|9|958|C|1|0|32|38|72|4|10|1|5|14|2|2||4|||0|9|2015|6|7|18|40|29.229|1|2|650|3|
20|9|1730|B|1|0|29|59|62|21|9|2|4|17|2|1||5|||0|59|2015|6|7|19|4|17.865|1|2|620|3|
20|9|1741|B|1|0|16|69|41|17|23|2|3|43|2|2||1|||0|21|2015|6|7|19|13|33.178|1|2|527|3|
20|9|1762|C|3|0|33|36|33|24|1|5|4|70|5|6||0|||2|16|2015|6|7|19|20|22.094|1|1|731|3|
20|9|2426|C|2|0|19|14|40|12|3|6|6|83|3|3||1|||0|15|2015|6|7|18|54|23.973|1|1|634|3|
20|9|2428|C|8|0|28|24|52|20|2|2|18|42|3|7||4|||0|7|2015|6|7|19|10|31.866|1|2|749|3|
21|1|2343|C|1|0|175|115|2|4|2|1|16|13|2|1|5||||0|13|2015|6|7|19|21|51.277|1|2|643|4|
21|2|712|B|1|0|146|118|10|9|3|0|2|17|2|1|4||||0|7|2015|6|7|18|39|2.613|1|2|457|4|
21|2|848|B|1|0|78|98|11|20|5|5|14|26|4|4|3||||1|16|2015|6|7|18|56|5.547|1|2|666|4|
21|2|1639|C|1|0|39|118|27|8|3|3|10|5|3|4|5||||0|10|2015|6|7|19|11|58.702|1|2|544|4|
21|2|1704|B|1|0|94|79|7|5|4|2|12|15|2|4|3||||0|7|2015|6|7|19|17|51.75|1|2|528|4|
21|2|1848|B|1|0|44|85|47|8|5|0|6|19|3|5|3||||0|14|2015|6|7|18|58|43.628|1|2|546|4|
21|2|1848|E|1|0|6|160|72|5|2|1|2|6|0|2|14||||0|5|2015|6|7|18|49|32.706|1|2|405|4|
21|2|1856|C|2|0|80|110|34|17|9|3|3|31|8|6|11||||0|14|2015|6|7|19|4|36.129|1|2|673|4|
21|2|1892|C|2|0|62|108|5|6|5|9|13|21|3|1|8||||2|5|2015|6|7|19|1|38.48|1|2|739|4|
21|3|438|E|1|0|85|74|21|9|7|9|4|13|1|4|5||||0|12|2015|6|7|19|9|58.032|1|2|421|4|
21|3|505|C|2|0|142|58|4|5|7|0|2|6|1|2|2||||0|9|2015|6|7|19|9|28.245|1|2|559|4|
21|3|679|C|1|0|66|172|17|9|14|3|14|38|3|12|13||||1|19|2015|6|7|19|16|20.734|1|2|704|4|
21|3|683|B|1|0|89|123|15|4|68|2|5|19|2|1|11||||0|17|2015|6|7|19|13|28.097|1|2|736|4|
21|3|689|B|1|0|57|62|8|5|2|2|1|2|1|1|11||||0|5|2015|6|7|18|30|23.95|1|2|227|4|
21|3|2027|C|1|0|131|137|10|2|2|4|3|5|1|0|3||||0|5|2015|6|7|19|8|49.941|1|2|433|4|
21|3|2134|C|1|0|79|65|21|6|5|7|16|23|6|6|6||||0|22|2015|6|7|19|14|6.213|1|1|574|4|
21|3|2141|B|1|0|44|51|9|1|15|12|17|20|2|2|2||||0|7|2015|6|7|18|48|59.693|1|1|428|4|
21|3|2161|C|2|0|100|62|19|3|3|4|11|18|5|8|5||||0|14|2015|6|7|19|1|11.71|1|1|533|4|
21|3|2168|E|1|0|132|32|6|7|8|7|5|5|1|5|2||||0|11|2015|6|7|18|53|54.069|1|2|404|4|
21|3|2281|C|1|0|90|90|4|14|8|4|5|2|1|3|6||||0|14|2015|6|7|19|19|0.476|1|2|415|4|
21|3|2286|E|1|1|93|66|20|15|5|22|16|22|2|5|1||||0|28|2015|6|7|19|18|5.988|1|2|665|4|
21|3|2393|C|1|0|167|146|4|3|0|4|3|11|4|5|8||||0|7|2015|6|7|19|19|7.738|1|2|646|4|
21|3|2395|E|1|0|103|168|10|4|6|1|3|13|1|1|8||||0|10|2015|6|7|19|14|20.794|1|2|539|4|
21|4|493|E|1|0|40|54|10|21|9|3|5|5|2|0|2||||0|20|2015|6|7|19|10|49.475|1|2|298|4|
21|4|565|B|1|0|67|137|4|5|2|2|10|11|1|4|19||||0|14|2015|6|7|19|17|24.403|1|2|608|4|
21|5|652|C|2|0|74|24|4|9|4|9|13|12|13|8|4||||0|9|2015|6|7|18|55|27.284|1|1|679|4|
21|5|655|B|1|0|78|52|9|4|5|24|5|35|13|12|3||||0|10|2015|6|7|19|9|21.198|1|1|711|4|
21|5|657|B|1|0|63|33|9|8|7|13|1|9|5|5|1||||0|11|2015|6|7|19|11|22.347|1|1|665|4|
21|5|1740|B|1|0|88|16|9|11|28|19|14|13|11|14|3||||2|12|2015|6|7|19|8|16.511|1|1|608|4|
21|5|1741|B|1|0|45|24|6|4|12|11|6|15|9|5|0||||0|13|2015|6|7|19|0|47.208|1|1|464|4|
21|5|1861|C|2|0|63|10|8|7|12|42|8|17|9|10|3||||0|5|2015|6|7|19|0|28.764|1|1|638|4|
21|5|2236|C|1|0|39|62|0|2|9|21|4|18|2|0|5||||0|10|2015|6|7|19|7|37.133|1|2|433|4|
21|5|2239|B|1|0|58|76|5|10|2|96|5|4|3|1|12||||0|4|2015|6|7|18|56|21.905|1|2|573|4|
21|6|1332|C|1|0|44|31|7|7|0|2|4|25|5|9|2||6||0|15|2015|6|7|19|13|29.045|1|1|427|4|
21|6|1373|C|1|0|60|40|2|11|2|9|4|34|6|9|4||13||1|15|2015|6|7|18|38|29.743|1|1|584|4|
21|6|1383|B|1|0|64|46|13|3|4|11|6|34|6|11|4||16||0|21|2015|6|7|18|52|32.737|1|1|519|4|
21|6|1397|C|3|0|40|22|5|10|12|5|6|40|4|3|4||7||1|10|2015|6|7|19|7|1.203|1|1|731|4|
21|6|1545|B|1|0|52|25|6|27|1|10|5|43|6|16|1||14||0|25|2015|6|7|19|5|44.276|1|1|513|4|
21|6|1586|B|1|0|70|32|1|10|1|11|4|43|3|17|1||13||1|16|2015|6|7|19|17|1.277|1|1|704|4|
21|6|1586|E|1|0|58|32|3|10|2|7|17|52|8|14|3||14||0|15|2015|6|7|19|2|30.736|1|1|723|4|
21|6|1587|B|1|0|26|35|7|5|3|6|11|32|7|5|11||5||0|12|2015|6|7|19|5|8.404|1|1|631|4|
21|6|1596|C|7|0|59|49|5|9|3|3|7|35|5|4|5||6||1|18|2015|6|7|19|9|55.288|1|1|726|4|
21|6|1596|C|10|0|53|42|5|10|3|4|7|35|3|6|2||9||0|18|2015|6|7|19|14|50.655|1|1|726|4|
21|8|372|C|1|0|61|38|24|6|6|5|10|22|3|7|2||||0|17|2015|6|7|19|20|59.077|1|2|508|4|
21|8|375|C|1|0|89|73|10|4|2|16|7|35|4|4|2||||0|17|2015|6|7|19|6|54.632|1|1|584|4|
21|8|389|B|1|0|85|50|20|7|5|3|6|17|1|1|3||||0|8|2015|6|7|19|18|48.119|1|2|452|4|
21|8|549|B|1|0|30|17|53|4|4|31|5|13|2|0|0||||0|10|2015|6|7|19|9|20.284|1|2|741|4|
21|8|1624|B|1|0|43|85|136|18|6|1|8|38|2|2|2||||0|12|2015|6|7|19|17|2.011|1|2|725|4|
21|8|1716|C|1|0|153|121|43|15|2|3|4|25|0|3|1||||0|16|2015|6|7|19|21|9.426|1|2|630|4|
21|8|2314|C|2|0|88|51|13|3|2|1|14|22|1|0|2||||0|2|2015|6|7|19|11|22.028|1|2|522|4|
21|8|2424|B|1|0|54|87|41|10|6|0|8|29|2|1|2||||0|10|2015|6|7|19|16|47.431|1|2|691|4|
21|8|2426|C|3|0|86|72|12|7|1|3|3|27|5|1|5||||0|3|2015|6|7|19|20|43.362|1|2|580|4|
21|9|988|B|1|0|46|21|8|11|2|4|7|24|8|13|2||||0|18|2015|6|7|19|17|45.987|1|1|364|4|
21|9|1002|B|1|0|53|38|11|16|6|9|27|53|5|19|2||||0|15|2015|6|7|19|18|7.493|1|1|718|4|
21|9|1038|B|1|0|33|43|5|8|4|7|4|35|5|23|0||||0|27|2015|6|7|19|16|7.67|1|1|513|4|
21|9|1326|B|1|0|46|36|8|16|4|3|5|28|1|7|5||||0|16|2015|6|7|19|19|10.596|1|1|431|4|
21|9|1364|B|1|0|41|46|18|16|8|9|9|22|11|13|3||||0|22|2015|6|7|19|18|14.044|1|1|581|4|
21|11|1085|B|1|0|71|37|5|15|3|13|5|30|6|16|0||||0|12|2015|6|7|19|22|9.952|1|1|564|4|
21|11|1097|C|1|0|46|36|1|9|5|6|6|37|4|9|6||||1|6|2015|6|7|19|15|5.904|1|1|538|4|
21|11|1104|B|1|0|68|25|2|5|1|6|7|27|6|9|0||||1|10|2015|6|7|19|12|13.173|1|1|426|4|
21|11|1118|C|1|0|45|21|1|3|5|13|5|30|11|17|0||||2|23|2015|6|7|19|9|10.653|1|1|436|4|
21|11|1129|B|1|0|87|18|0|8|4|17|12|24|10|15|5||||3|18|2015|6|7|18|51|9.374|1|1|569|4|
21|11|1135|C|1|0|52|26|2|4|15|9|8|31|4|5|1||||2|20|2015|6|7|19|8|47.527|1|1|495|4|
21|11|1144|B|1|0|60|32|4|9|2|18|10|52|10|16|3||||1|22|2015|6|7|19|19|51.718|1|1|654|4|
21|11|1224|C|1|0|33|25|4|8|6|4|15|27|7|24|3||||1|15|2015|6|7|19|17|19.342|1|1|507|4|
21|11|1244|C|3|0|22|65|6|12|19|6|9|26|5|9|9||||0|12|2015|6|7|19|19|44.281|1|1|673|4|
21|11|1245|C|1|0|39|28|2|13|10|5|12|30|7|10|3||||0|18|2015|6|7|18|32|17.113|1|1|604|4|
21|11|2552|C|1|0|51|48|7|17|4|14|16|29|11|12|10||||2|15|2015|6|7|18|57|45.75|1|1|599|4|
21|11|2555|C|1|0|46|36|3|4|5|8|13|27|11|16|9||||0|18|2015|6|7|19|7|7.402|1|1|576|4|
21|11|2565|B|1|0|32|41|2|9|12|11|8|15|4|8|7||||0|34|2015|6|7|19|10|49.049|1|1|582|4|
21|11|2575|C|1|0|37|48|8|16|19|8|12|36|5|7|12||||0|5|2015|6|7|19|11|55.647|1|1|618|4|
21|12|1109|B|1|0|20|16|1|3|3|3|1|20|3|5|2||||1|11|2015|6|7|18|45|16.345|1|1|251|4|
21|12|1214|C|1|0|51|47|12|12|8|11|8|44|12|12|2||||0|24|2015|6|7|19|6|52.754|1|1|722|4|
21|12|1430|C|1|0|36|42|2|6|6|4|3|22|4|11|5||||0|24|2015|6|7|19|10|47.041|1|1|422|4|
21|12|1438|C|1|0|60|31|3|9|6|8|7|26|5|14|3||||4|23|2015|6|7|19|15|45.637|1|1|495|4|
21|12|1468|C|1|0|44|40|7|6|1|8|8|23|3|19|5||||0|13|2015|6|7|18|57|19.399|1|1|486|4|
21|12|1472|C|2|0|43|43|1|10|4|9|10|38|4|13|2||||1|22|2015|6|7|19|15|48.086|1|1|506|4|
21|12|1603|C|3|0|58|106|14|5|5|7|5|22|2|3|11||||1|1|2015|6|7|18|54|5.684|1|1|741|4|
21|12|2589|B|1|0|24|43|1|24|5|2|16|26|9|11|7||||0|17|2015|6|7|18|54|54.724|1|1|445|4|
21|13|165|C|2|0|55|47|5|6|4|4|19|34|5|12|7||||0|10|2015|6|7|19|19|19.298|1|1|635|4|
21|13|174|C|1|0|44|82|2|15|2|0|11|18|3|7|16||||0|11|2015|6|7|19|22|10.145|1|2|645|4|
21|13|186|B|1|0|56|27|13|22|3|6|39|36|8|14|4||||2|16|2015|6|7|19|0|58.177|1|1|741|4|
21|13|212|E|1|0|38|20|7|4|4|2|5|12|2|5|1||||0|8|2015|6|7|19|11|54.111|1|2|376|4|
21|13|218|B|1|0|88|102|3|13|2|2|4|18|1|1|15||||0|4|2015|6|7|18|55|48.414|1|2|567|4|
21|13|577|B|1|0|38|46|3|11|0|1|26|10|6|2|16||||0|9|2015|6|7|19|6|21.876|1|2|418|4|
21|13|1719|B|1|0|44|107|6|4|0|1|10|10|1|0|10||||0|9|2015|6|7|19|10|49.02|1|2|452|4|
21|13|1880|C|2|0|13|53|8|12|7|4|1|15|1|0|13||||0|6|2015|6|7|19|3|21.333|1|2|612|4|
21|13|2087|E|1|0|7|30|3|5|1|0|0|0|0|0|25||||0|2|2015|6|7|18|47|34.246|1|2|128|4|
21|13|2331|B|1|0|49|110|3|12|3|0|0|4|0|0|8||||0|5|2015|6|7|18|40|48.112|1|2|505|4|
21|14|29|C|3|0|8|105|26|8|17|3|11|23|3|2|14||||0|10|2015|6|7|18|59|7.304|1|1|621|4|
21|14|44|E|1|0|11|52|6|1|1|0|2|2|0|0|1||||0|0|2015|6|7|19|7|54.197|1|2|242|4|
21|14|341|B|1|0|0|39|20|1|2|0|3|9|1|0|1||||0|1|2015|6|7|18|53|22.841|1|2|130|4|
21|14|441|B|1|0|5|89|30|1|42|1|11|12|2|5|7||||0|9|2015|6|7|19|13|53.358|1|2|619|4|
21|14|451|B|1|0|9|85|40|3|32|1|1|4|1|1|5||||0|14|2015|6|7|18|52|19.868|1|2|516|4|
21|14|732|C|2|0|4|92|71|9|12|16|12|9|0|5|3||||0|9|2015|6|7|19|5|52.813|1|1|631|4|
21|14|2040|B|1|0|6|166|8|4|15|3|6|4|0|1|3||||0|5|2015|6|7|19|19|6.712|1|2|526|4|
21|15|1885|C|2|0|130|57|4|3|7|4|1|11|7|2|5||27||0|4|2015|6|7|19|8|24.878|1|1|613|4|
21|15|1934|C|9|0|67|35|19|9|5|1|12|24|7|7|4||32||0|16|2015|6|7|19|9|29.201|1|1|719|4|
21|15|1960|B|1|0|138|21|13|7|3|3|11|18|2|7|4||49||0|15|2015|6|7|19|19|35.868|1|1|688|4|
21|15|1989|B|1|0|155|18|14|8|10|3|12|21|7|10|2||26||1|8|2015|6|7|19|12|49.877|1|1|665|4|
21|15|2003|C|2|0|80|53|10|12|5|2|15|17|5|6|3||29||0|12|2015|6|7|19|20|29.431|1|1|702|4|
21|15|2006|C|7|0|78|39|11|7|4|0|15|8|3|3|2||47||0|11|2015|6|7|19|17|46.867|1|1|732|4|
21|15|2192|B|1|0|109|57|10|18|8|3|2|10|1|1|6||4||0|13|2015|6|7|19|0|52.963|1|2|639|4|
21|16|800|E|2|0|48|99|41|8|6|1|13|17|2|2|12||||0|5|2015|6|7|19|15|31.582|1|2|581|4|
22|1|75|C|2|0|169|125|35|26|2|3|7|9|13|11|4||||0|29|2015|6|7|19|17|56.136|1|2|618|2|
22|2|115|C|5|0|133|113|11|16|7|6|8|16|13|5|4||||0|25|2015|6|7|18|58|38.276|1|2|729|2|
22|2|624|C|3|0|103|81|7|13|5|2|10|16|24|12|2||||0|2|2015|6|7|18|50|30.223|1|2|711|2|
22|4|430|B|1|0|139|65|10|16|7|3|6|42|7|16|4||||1|28|2015|6|7|18|53|29.062|1|1|566|2|
22|4|455|B|1|0|150|106|8|22|5|6|8|37|8|16|7||||1|24|2015|6|7|19|16|21.558|1|1|683|2|
22|4|516|B|1|0|39|176|3|16|3|0|7|4|3|1|3||||0|13|2015|6|7|18|39|55.206|1|2|583|2|
23|1|185|C|1|0|59|164|7|6|5|4|9|44|12|13|2||||0|13|2015|6|7|19|2|56.414|1|1|745|3|
23|1|192|C|1|0|21|102|7|4|2|6|6|26|8|4|1||||0|13|2015|6|7|19|20|31.2|1|2|528|3|
23|1|203|B|1|0|72|113|8|9|5|7|9|59|5|12|4||||1|21|2015|6|7|19|15|6.87|1|1|720|3|
23|1|206|C|11|0|14|69|3|5|3|5|6|24|6|7|7||||0|7|2015|6|7|18|55|16.762|1|1|744|3|
23|1|467|B|1|0|2|37|14|22|10|8|5|23|3|4|4||||0|7|2015|6|7|18|50|23.741|1|1|501|3|
23|1|516|C|1|0|16|32|7|35|4|11|1|16|5|5|4||||0|6|2015|6|7|19|11|23.733|1|1|418|3|
23|1|528|B|1|0|9|34|16|40|2|5|6|30|3|1|11||||0|6|2015|6|7|19|3|36.951|1|1|459|3|
23|1|559|C|1|0|15|29|13|45|4|14|2|18|2|2|5||||0|12|2015|6|7|19|0|51.41|1|1|517|3|
23|1|564|B|1|0|7|24|16|18|5|12|6|33|2|6|1||||0|7|2015|6|7|19|9|36.694|1|1|442|3|
23|1|568|C|1|0|7|35|13|33|8|12|3|24|2|2|4||||0|4|2015|6|7|18|44|59.541|1|1|462|3|
23|1|826|B|1|0|6|47|7|25|2|2|1|11|2|3|6||||0|6|2015|6|7|19|1|23.786|1|1|658|3|
23|1|833|B|1|0|15|49|17|29|4|13|9|22|16|13|0||||0|20|2015|6|7|19|21|32.512|1|1|634|3|
23|1|903|B|1|0|11|84|7|7|1|3|8|22|3|4|8||||0|0|2015|6|7|18|55|56.347|1|1|521|3|
23|2|311|B|1|0|48|54|15|6|8|7|17|56|8|11|5||23||0|15|2015|6|7|19|2|47.346|1|1|554|3|
23|2|321|B|1|0|28|46|4|5|15|3|14|44|5|4|2||16||0|13|2015|6|7|19|5|20.352|1|1|392|3|
23|2|355|B|1|0|54|80|10|7|9|7|7|74|7|11|4||26||0|19|2015|6|7|19|20|44.397|1|1|580|3|
23|2|403|E|3|0|1|53|40|4|13|3|31|7|0|0|5||2||0|11|2015|6|7|19|18|10.669|1|2|299|3|
23|2|407|B|1|0|17|108|8|5|114|11|44|63|5|12|5||19||1|11|2015|6|7|19|17|3.978|1|2|731|3|
23|2|421|B|1|0|23|40|13|8|11|0|6|14|3|0|2||49||0|5|2015|6|7|19|6|31.319|1|2|435|3|
23|3|19|C|1|0|12|28|9|88|5|16|7|27|2|1|10||||1|23|2015|6|7|19|18|15.266|1|1|528|3|
23|3|39|B|1|0|21|48|7|81|7|22|1|22|12|4|6||||0|4|2015|6|7|18|52|24.06|1|1|628|3|
23|3|59|C|1|0|23|38|10|20|3|50|7|40|7|7|5||||0|7|2015|6|7|19|2|46.577|1|1|557|3|
23|3|75|B|1|0|14|34|8|92|5|20|3|28|2|2|37||||0|15|2015|6|7|19|22|9.511|1|1|546|3|
23|3|82|B|1|0|5|23|11|29|7|15|3|18|4|4|9||||0|10|2015|6|7|19|8|14.942|1|1|383|3|
23|3|86|B|1|0|9|25|15|61|4|21|3|25|6|3|5||||1|7|2015|6|7|18|48|22.433|1|1|507|3|
23|3|127|C|1|0|17|47|15|47|5|30|8|33|9|3|10||||0|44|2015|6|7|19|3|59.763|1|1|728|3|
23|3|138|B|1|0|47|31|14|28|3|28|8|26|6|13|4||||0|13|2015|6|7|19|10|23.342|1|1|625|3|
23|3|147|C|7|0|49|37|30|16|4|42|4|22|11|11|3||||0|24|2015|6|7|19|14|34.405|1|1|725|3|
23|3|164|C|6|0|28|29|22|55|9|30|7|26|10|16|7||||2|13|2015|6|7|19|4|39.626|1|1|680|3|
23|3|665|B|1|0|42|9|7|7|5|38|4|16|11|5|0||||0|17|2015|6|7|19|8|25.735|1|1|391|3|
24|1|511|B|1|0|88|123|6|9|10|10|26|57|2|4|6|0|||0|21|2015|6|7|19|21|36.281|1|1|622|2|
24|2|1582|B|1|0|11|53|47|4|8|1|5|2|1|1|0|0|||0|11|2015|6|7|18|35|38.146|1|2|172|2|
24|3|162|B|1|0|38|9|0|17|1|0|4|2|16|1|0|0|||0|2|2015|6|7|19|9|15.04|1|2|110|2|
24|3|1678|B|1|0|35|68|1|1|0|0|0|0|0|0|0|0|||0|3|2015|6|7|18|46|42.316|1|2|154|2|
24|4|368|B|1|0|78|47|7|1|3|3|3|6|4|10|0|0|||0|4|2015|6|7|18|51|48.41|1|2|221|2|
24|6|1019|C|1|0|107|55|75|28|13|8|21|23|5|12|1|0|||0|31|2015|6|7|19|4|55.297|1|1|610|2|
24|6|1057|C|1|0|76|31|71|46|9|5|6|19|3|6|1|8|||1|10|2015|6|7|18|52|13.121|1|1|637|2|
24|6|1068|C|3|0|79|46|122|0|0|7|8|8|6|7|0|0|||1|18|2015|6|7|19|12|33.436|1|1|714|2|
24|6|1074|C|10|0|78|25|92|44|7|9|8|9|11|6|2|2|||0|23|2015|6|7|19|21|38.671|1|1|726|2|
24|6|1114|C|1|0|65|30|155|19|8|2|8|8|4|5|0|3|||1|20|2015|6|7|19|10|43.478|1|1|695|2|
25|1|2095|B|1|0|12|56|3|2|2|0|3|1|0|0|0||20||0|8|2015|6|7|19|20|53.558|1|2|380|1|
25|2|15|B|1|0|12|52|2|3|5|2|4|6|2|3|1||||0|6|2015|6|7|19|13|23.457|1|1|317|1|
27|2|703|C|2|0|3|100|146|20|5|3|3|20|0|0||0|||0|0|2015|6|7|19|18|9.774|1|2|538|3|
27|2|736|B|1|0|0|230|231|39|2|0|1|4|1|2||2|||0|11|2015|6|7|18|47|57.014|1|2|708|3|
27|2|771|E|1|0|0|31|59|9|0|0|3|1|1|0||1|||0|4|2015|6|7|18|54|29.759|1|2|133|3|
27|4|299|B|1|0|11|77|34|30|6|7|6|52|2|20||0|||0|9|2015|6|7|19|6|16.759|1|1|533|3|
27|5|174|B|1|0|43|133|48|110|4|14|0|34|2|5||0|||0|20|2015|6|7|19|21|4.284|1|1|622|3|
27|5|205|B|1|0|43|165|77|68|7|6|4|31|1|1||1|||0|7|2015|6|7|19|9|47.379|1|2|592|3|
27|5|985|C|2|0|53|67|45|79|44|4|8|36|4|4||0|||0|11|2015|6|7|19|17|5.285|1|1|683|3|
28|1|127|B|1|0|35|103|1|2|1|2|7|10|3|1|||3||0|4|2015|6|7|19|12|34.979|1|2|497|2|
28|1|717|B|1|0|84|162|0|1|0|0|5|1|0|0|||0||0|8|2015|6|7|18|28|38.171|1|2|486|2|
28|1|764|B|1|0|40|103|2|5|1|0|7|4|1|1|||3||0|6|2015|6|7|18|43|12.173|1|1|538|2|
28|1|765|C|2|0|86|137|4|8|2|4|4|6|1|3|||7||0|5|2015|6|7|19|8|29.367|1|1|657|2|
28|1|785|B|1|0|13|5|1|2|0|0|2|0|0|2|||0||0|1|2015|6|7|18|29|29.903|1|1|218|2|
28|1|808|B|1|0|82|98|4|6|2|0|2|12|4|3|||3||0|15|2015|6|7|19|11|29.983|1|1|590|2|
28|1|816|C|2|0|123|114|8|12|0|0|5|6|1|12|||5||0|11|2015|6|7|19|16|10.005|1|1|728|2|
28|1|847|B|1|0|65|70|5|5|2|0|1|3|0|3|||4||0|5|2015|6|7|18|39|35.462|1|1|437|2|
28|1|870|B|1|0|136|66|4|6|1|2|4|4|1|10|||0||0|4|2015|6|7|18|41|15.523|1|1|525|2|
28|1|873|B|1|0|154|74|7|7|0|0|0|10|1|3|||14||0|12|2015|6|7|19|17|32.934|1|1|612|2|
28|1|874|B|1|0|134|84|5|5|0|5|3|5|0|9|||4||4|7|2015|6|7|19|16|28.283|1|1|635|2|
28|1|885|C|1|0|87|68|6|9|1|1|1|3|1|4|||1||0|10|2015|6|7|19|1|0.963|1|1|481|2|
28|1|892|B|1|0|106|93|2|7|0|1|1|5|0|8|||13||0|4|2015|6|7|19|3|49.155|1|1|482|2|
28|1|898|C|1|0|128|97|6|9|0|2|2|9|3|8|||10||0|7|2015|6|7|19|13|53.092|1|1|702|2|
28|1|900|C|1|0|135|74|1|9|0|0|5|3|2|6|||1||0|10|2015|6|7|19|20|50.572|1|1|668|2|
28|1|904|B|1|0|38|52|1|5|0|2|2|1|0|2|||0||0|1|2015|6|7|18|47|10.982|1|1|523|2|
28|1|904|E|1|2|83|110|7|9|1|2|4|3|3|5|||7||0|7|2015|6|7|19|20|24.798|1|2|668|2|
28|1|1824|B|1|0|103|95|5|6|1|3|4|3|3|8|||10||0|3|2015|6|7|18|51|9.352|1|1|683|2|
28|1|1835|B|1|0|128|103|18|13|0|0|7|4|2|7|||5||0|14|2015|6|7|19|18|27.423|1|1|679|2|
28|1|1837|B|1|0|61|63|2|10|0|1|0|6|1|0|||2||0|6|2015|6|7|18|55|28.192|1|1|452|2|
28|1|1848|C|1|0|59|53|1|9|1|0|3|1|0|5|||3||0|4|2015|6|7|18|40|15.321|1|1|458|2|
28|1|1989|C|1|0|93|78|2|10|1|2|4|2|1|4|||6||0|11|2015|6|7|18|57|30.189|1|1|511|2|S
28|1|1993|C|1|0|54|59|1|5|0|0|1|5|0|1|||5||0|6|2015|6|7|18|39|4.601|1|1|426|2|
28|1|1995|C|1|0|53|75|2|7|3|0|0|5|1|2|||7||0|4|2015|6|7|18|32|52.409|1|1|448|2|
28|2|1013|C|1|0|50|52|7|11|2|12|9|19|5|11|||||0|7|2015|6|7|19|5|14.417|1|1|547|2|
28|2|1031|B|1|0|46|81|1|8|7|5|10|9|3|11|||||0|10|2015|6|7|18|59|1.945|1|1|486|2|
28|2|1074|C|2|0|61|111|2|13|3|6|6|8|2|5|||||0|7|2015|6|7|19|8|15.219|1|1|501|2|
28|2|1108|B|1|0|94|89|2|12|4|6|12|13|2|5|||||0|18|2015|6|7|19|18|5.799|1|1|598|2|
28|2|1780|B|1|0|49|53|3|17|2|15|6|15|4|11|||||0|1|2015|6|7|18|38|22.93|1|1|463|2|
28|2|1794|B|1|0|37|47|10|12|2|3|27|1|4|6|||||0|13|2015|6|7|18|43|25.372|1|1|513|2|
28|2|1922|B|1|0|60|41|3|7|3|2|8|12|3|0|||||0|5|2015|6|7|19|12|34.235|1|1|318|2|
28|3|114|B|1|0|77|154|1|0|0|0|0|1|0|0|||||0|4|2015|6|7|19|6|15.693|1|2|478|2|S
28|3|694|C|3|0|51|104|3|8|0|1|3|7|4|6|||||2|6|2015|6|7|18|49|38.205|1|2|697|2|
28|3|1018|C|1|0|63|68|4|12|5|11|9|22|7|22|||||0|8|2015|6|7|18|51|56.658|1|2|741|2|
28|3|1145|C|6|0|46|127|15|9|9|7|6|4|1|41|||||0|13|2015|6|7|19|7|25.284|1|2|742|2|
28|3|1145|C|11|0|42|304|6|12|3|4|8|12|5|39|||||0|10|2015|6|7|18|47|49.037|1|2|742|2|
28|3|1183|B|1|0|43|122|8|5|1|6|5|9|4|41|||||0|7|2015|6|7|19|16|9.299|1|1|718|2|
28|3|1235|B|1|0|41|149|5|1|3|0|5|11|2|3|||||0|2|2015|6|7|19|4|3.621|1|1|378|2|
28|3|1242|B|1|0|43|147|3|2|1|0|2|17|0|7|||||0|13|2015|6|7|18|49|19.582|1|1|480|2|
28|3|1545|C|1|0|46|102|0|5|2|1|14|7|0|4|||||0|12|2015|6|7|19|18|37.373|1|2|395|2|
28|3|1745|B|1|0|54|79|4|10|7|6|19|9|3|9|||||1|11|2015|6|7|18|55|38.942|1|1|485|2|
28|3|1755|B|1|0|45|88|5|26|4|7|5|10|3|3|||||0|0|2015|6|7|19|3|32.177|1|1|619|2|
28|3|1857|B|1|0|54|61|6|35|1|11|11|13|10|10|||||0|13|2015|6|7|18|52|49.072|1|1|582|2|
28|3|1870|B|1|0|47|77|11|15|5|2|6|17|8|12|||||0|16|2015|6|7|18|56|48.294|1|1|622|2|
28|3|1892|B|1|0|61|54|4|15|1|5|9|14|6|5|||||0|10|2015|6|7|18|43|38.603|1|1|486|2|
28|3|1900|B|1|0|50|76|6|13|3|1|9|11|4|7|||||0|6|2015|6|7|19|0|17.182|1|1|482|2|
28|3|1946|B|1|0|28|67|11|8|0|8|10|12|5|10|||||0|9|2015|6|7|18|55|59.457|1|1|450|2|
28|4|544|C|1|0|69|101|1|6|0|2|2|2|1|8|||13||0|14|2015|6|7|18|49|49.461|1|1|542|2|
28|4|550|C|1|0|37|88|3|6|2|3|2|10|2|7|||7||0|13|2015|6|7|19|5|25.132|1|1|395|2|
28|4|555|B|1|0|61|102|1|10|4|0|7|8|0|11|||3||1|8|2015|6|7|19|1|41.062|1|1|432|2|
28|4|573|B|1|0|70|113|5|7|1|2|6|7|5|9|||12||0|7|2015|6|7|18|57|51.17|1|1|586|2|
28|4|600|C|4|0|114|105|4|18|3|3|7|16|4|8|||22||1|7|2015|6|7|18|55|25.358|1|1|666|2|
28|4|600|C|6|0|101|114|4|18|0|5|19|18|1|12|||33||0|5|2015|6|7|19|7|56.524|1|1|666|2|
28|4|600|C|7|0|100|103|7|18|3|4|19|16|3|7|||19||1|9|2015|6|7|19|9|46.801|1|1|666|2|
28|4|627|C|6|0|89|132|3|17|2|4|7|6|3|14|||26||0|8|2015|6|7|19|5|11.517|1|2|706|2|
28|4|634|C|5|0|92|86|0|19|1|1|3|8|2|5|||20||0|7|2015|6|7|19|13|25.616|1|1|667|2|
28|4|645|C|7|0|81|117|8|21|1|1|5|10|2|7|||14||0|7|2015|6|7|19|1|6.154|1|2|713|2|
28|4|645|C|12|0|92|114|2|14|2|6|7|8|0|8|||16||1|5|2015|6|7|19|19|12.979|1|2|713|2|
28|4|645|C|13|0|94|125|4|13|1|3|4|6|3|8|||10||0|9|2015|6|7|19|21|19.052|1|2|713|2|
28|4|663|C|2|0|79|111|0|14|4|1|8|2|2|10|||23||0|20|2015|6|7|19|14|41.92|1|1|615|2|
28|4|669|C|9|0|99|113|2|10|0|2|5|7|2|6|||23||0|14|2015|6|7|18|56|10.346|1|1|747|2|
28|5|356|B|1|0|20|274|1|0|5|12|2|0|0|4|||||0|9|2015|6|7|18|58|16.369|1|2|548|2|
28|5|410|E|1|0|3|85|0|0|1|0|0|0|0|0|||||0|2|2015|6|7|19|21|16.592|1|2|148|2|
28|5|1219|B|1|0|34|161|0|0|1|4|2|1|0|1|||||0|0|2015|6|7|19|5|16.322|1|2|412|2|
28|5|1700|C|1|0|18|106|16|10|6|61|5|8|1|4|||||0|4|2015|6|7|19|2|57.672|1|2|476|2|
28|7|88|B|1|0|27|99|27|10|8|6|10|7|1|6|||7||0|13|2015|6|7|19|12|37.503|1|1|456|2|
28|7|154|B|1|0|41|135|15|16|2|6|13|15|6|2|||1||0|11|2015|6|7|19|7|57.233|1|1|580|2|
28|7|155|C|1|0|63|107|28|23|4|12|8|9|3|4|||6||0|4|2015|6|7|19|5|7.775|1|1|687|2|
28|7|222|C|2|0|35|80|16|11|6|8|11|23|0|12|||4||0|8|2015|6|7|19|7|52.965|1|1|500|2|
28|7|2012|B|1|0|21|44|1|9|0|6|2|6|0|9|||1||1|3|2015|6|7|18|57|54.562|1|2|421|2|
28|7|2014|B|1|0|18|48|8|14|2|3|6|11|2|6|||5||1|8|2015|6|7|19|17|11.152|1|2|379|2|
28|8|1305|B|1|0|99|148|8|20|1|7|16|17|7|13|||||2|15|2015|6|7|19|8|54.32|1|1|683|2|
28|8|1337|C|1|0|86|78|8|19|1|10|7|7|3|12|||||0|15|2015|6|7|18|53|40.434|1|1|574|2|
28|8|1371|B|1|0|82|95|17|14|4|15|6|16|4|14|||||1|18|2015|6|7|19|10|28.249|1|1|656|2|
28|8|1419|C|1|0|69|139|8|20|5|16|10|19|4|14|||||0|7|2015|6|7|19|17|9.556|1|1|630|2|
28|8|1456|C|1|0|56|88|10|11|2|12|9|14|1|11|||||0|4|2015|6|7|19|5|54.424|1|1|471|2|
28|8|1471|C|1|0|67|112|24|14|3|15|7|9|1|9|||||1|8|2015|6|7|18|59|57.236|1|1|609|2|
28|8|1480|C|1|0|39|89|12|11|1|11|5|8|3|6|||||0|9|2015|6|7|19|14|5.419|1|1|394|2|
29|1|14|C|5|0|47|69|21|5|13|2|6|44|8|5|||||0|11|2015|6|7|19|11|25.451|1|1|671|4|
29|1|16|C|1|0|39|97|5|11|12|3|8|44|4|3|||||0|16|2015|6|7|19|20|20.119|1|2|533|4|
29|1|16|C|2|0|43|71|4|6|11|4|5|46|4|5|||||0|18|2015|6|7|19|22|7.651|1|2|533|4|
29|1|66|B|1|0|40|58|12|6|4|3|9|34|0|6|||||0|6|2015|6|7|19|11|21.086|1|2|478|4|
29|2|123|B|1|0|38|51|20|10|27|4|8|34|2|14|||||0|21|2015|6|7|19|17|30.433|1|1|548|4|
29|2|128|B|1|0|23|50|20|8|30|0|8|23|1|5|||||0|17|2015|6|7|19|2|46.823|1|1|509|4|
29|2|275|C|1|0|44|48|13|12|55|6|11|13|1|7|||||0|8|2015|6|7|19|10|52.198|1|1|532|4|
29|2|351|C|3|0|69|49|59|6|10|1|1|14|3|6|||||0|8|2015|6|7|19|5|13.171|1|1|660|4|
29|2|352|C|1|0|79|54|23|4|3|0|1|14|3|1|||||0|6|2015|6|7|18|56|13.432|1|1|620|4|
29|2|361|B|1|0|13|68|26|18|17|1|4|17|2|3|||||1|20|2015|6|7|19|2|57.98|1|1|663|4|
29|2|385|B|1|0|13|46|8|46|20|3|1|4|0|2|||||0|12|2015|6|7|19|2|59.486|1|2|327|4|
29|2|456|B|1|0|34|75|16|7|61|10|16|49|11|20|||||0|23|2015|6|7|19|11|39.567|1|1|634|4|
29|2|464|C|1|0|41|43|24|7|47|5|19|44|6|19|||||0|28|2015|6|7|19|18|22.307|1|1|698|4|
29|2|468|C|1|0|58|42|23|6|78|2|11|37|5|6|||||1|12|2015|6|7|19|19|9.581|1|1|738|4|
29|3|94|B|1|0|20|218|10|0|2|2|4|26|0|1|||7||0|3|2015|6|7|18|58|40.666|1|2|424|4|
29|3|222|B|1|0|9|39|54|4|18|7|29|55|3|3|||3||0|4|2015|6|7|19|20|46.262|1|2|514|4|
29|3|229|B|1|0|2|15|2|10|0|1|4|3|0|0|||0||0|0|2015|6|7|18|53|57.945|1|2|122|4|
29|3|238|B|1|0|9|67|4|9|32|5|7|5|0|0|||0||0|2|2015|6|7|18|43|44.036|1|2|280|4|
29|3|245|C|2|0|12|62|20|7|14|5|26|30|1|4|||14||0|11|2015|6|7|19|7|24.212|1|1|563|4|
29|3|252|B|1|0|22|65|16|6|6|6|40|12|1|4|||7||0|6|2015|6|7|19|14|23.19|1|1|587|4|
29|3|252|C|2|0|12|61|9|4|4|12|26|28|0|0|||4||0|6|2015|6|7|19|5|32.01|1|1|586|4|
29|3|320|B|1|0|54|81|32|16|15|2|30|21|4|5|||3||0|9|2015|6|7|19|9|21.985|1|1|556|4|
29|3|326|B|1|0|33|46|18|7|14|7|24|18|0|4|||11||0|8|2015|6|7|18|58|11.898|1|1|680|4|
29|3|326|C|2|0|26|70|22|5|9|3|39|23|3|4|||4||0|13|2015|6|7|18|59|53.484|1|1|680|4|
29|3|332|B|1|0|22|10|6|2|1|4|4|7|0|4|||1||0|2|2015|6|7|18|56|14.989|1|1|340|4|
29|3|333|B|1|0|36|49|16|5|5|4|22|30|4|7|||8||0|19|2015|6|7|18|54|3.667|1|1|610|4|
29|3|346|C|1|0|42|30|13|4|26|7|44|12|4|4|||11||0|14|2015|6|7|19|20|56.133|1|1|523|4|
29|3|550|C|1|0|40|21|6|5|5|1|22|26|4|4|||0||0|7|2015|6|7|19|6|49.739|1|2|415|4|
29|3|592|C|4|0|14|25|65|1|1|6|17|35|3|4|||4||0|9|2015|6|7|19|0|20.683|1|1|636|4|
29|3|595|B|1|0|19|50|58|4|6|10|32|41|2|2|||2||0|12|2015|6|7|18|56|39.566|1|1|680|4|
30|1|2817|C|1|0|31|58|11|104|4|19|12|24|2|1|7||||1|12|2015|6|7|19|3|5.831|1|1|551|3|
30|1|2839|B|1|0|41|72|8|55|6|2|6|6|7|2|7||||0|9|2015|6|7|19|14|54.322|1|2|488|3|
30|1|2841|B|1|0|55|25|4|229|1|0|4|1|0|0|6||||0|5|2015|6|7|18|57|22.886|1|2|482|3|
30|1|2880|B|1|0|7|28|8|11|2|7|2|2|2|0|0||||0|4|2015|6|7|19|19|13.507|1|2|208|3|
30|1|2886|B|1|0|15|25|8|62|1|0|6|1|0|1|1||||0|5|2015|6|7|18|39|58.809|1|2|266|3|
30|1|2889|E|1|0|17|54|3|13|2|0|0|2|0|0|3||||0|1|2015|6|7|18|48|17.657|1|2|158|3|
30|1|3223|C|1|0|49|44|2|12|0|3|1|12|2|4|1||||0|7|2015|6|7|18|44|33.474|1|1|416|3|
30|1|3231|B|1|0|63|57|12|35|1|2|5|18|3|3|2||||0|1|2015|6|7|19|17|51.874|1|1|649|3|
30|1|3728|B|1|0|22|97|42|14|2|0|2|1|2|3|0||||0|11|2015|6|7|18|49|25.301|1|2|312|3|
30|1|3733|B|1|0|6|70|45|25|4|3|1|5|0|0|5||||0|8|2015|6|7|19|13|16.944|1|2|287|3|
30|2|3636|B|1|0|184|61|74|9|11|0|0|7|3|1|3||||0|8|2015|6|7|19|17|26.27|1|2|630|3|
30|2|4554|E|1|0|33|7|31|0|0|0|0|2|0|0|2||||0|10|2015|6|7|19|20|38.13|1|2|120|3|
30|3|113|B|1|0|46|62|3|5|3|7|2|20|3|2|2||||0|6|2015|6|7|18|54|3.539|1|1|379|3|
30|3|661|C|1|0|51|123|8|9|2|3|3|31|3|2|2||||0|9|2015|6|7|18|58|6.778|1|2|552|3|
30|3|683|B|1|0|23|23|7|4|3|5|4|23|2|1|1||||6|9|2015|6|7|19|3|22.154|2|1|227|3|
30|3|4097|C|1|0|74|106|5|7|5|2|12|28|6|8|4||||1|12|2015|6|7|19|0|18.196|1|1|670|3|
30|3|4115|C|3|0|55|78|12|8|4|2|11|15|2|7|3||||0|14|2015|6|7|19|0|37.446|1|1|660|3|
30|3|4129|B|1|0|46|67|16|12|5|1|13|16|4|11|6||||2|9|2015|6|7|19|10|51.806|1|1|481|3|
30|3|4132|C|2|0|100|70|15|8|8|5|9|28|2|8|4||||2|19|2015|6|7|19|16|44.422|1|1|656|3|
30|3|4136|B|1|0|75|78|13|14|7|3|11|22|3|6|4||||0|11|2015|6|7|19|21|5.268|1|1|639|3|
30|3|4138|C|2|0|46|84|12|9|8|1|8|30|9|7|7||||0|9|2015|6|7|19|13|31.353|1|1|559|3|
30|3|4141|C|1|0|55|81|13|17|6|11|11|35|0|5|7||||2|22|2015|6|7|19|13|25.829|1|1|635|3|
30|3|4159|B|1|0|36|72|6|32|4|1|5|21|1|1|14||||0|7|2015|6|7|18|49|8.735|2|2|509|3|
30|3|4159|E|1|0|54|94|4|25|1|3|6|15|2|3|2||||0|6|2015|6|7|19|17|33.19|1|2|522|3|
30|4|493|C|1|0|132|19|5|17|14|6|2|39|2|3|3||||3|12|2015|6|7|19|20|21.756|1|1|446|3|
30|4|526|C|1|0|125|70|6|21|8|5|2|27|3|4|4||||0|18|2015|6|7|19|18|8.518|1|1|512|3|
30|4|545|C|1|0|125|28|2|14|4|1|3|12|3|2|1||||0|10|2015|6|7|18|57|59.018|1|1|397|3|
30|4|4414|C|1|0|57|33|18|28|5|6|0|52|4|6|7||||0|20|2015|6|7|19|3|30.845|1|1|574|3|
30|4|4415|B|1|0|82|32|35|26|12|6|10|35|7|8|6||||1|23|2015|6|7|19|4|38.782|1|1|713|3|
30|4|4417|B|1|0|48|25|12|13|5|8|2|29|7|7|6||||0|6|2015|6|7|19|19|4.609|1|1|407|3|
30|4|4423|C|1|0|64|37|20|14|17|3|4|16|4|3|4||||0|7|2015|6|7|19|12|6.593|1|1|464|3|
30|4|4445|C|1|0|101|31|5|12|6|7|3|25|4|5|3||||0|17|2015|6|7|19|7|19.361|1|1|483|3|
30|4|4824|B|1|0|71|24|12|10|13|3|9|31|7|3|6||||1|14|2015|6|7|19|2|24.05|1|2|560|3|
30|5|940|B|1|0|25|50|58|5|4|6|13|34|6|6|1||||0|9|2015|6|7|19|17|7.925|1|1|547|3|
30|5|3131|C|1|0|22|46|31|8|18|6|14|46|6|4|1||||5|17|2015|6|7|19|14|9.51|1|1|505|3|
30|5|3155|B|1|0|14|61|80|7|0|2|8|30|5|4|4||||1|17|2015|6|7|19|1|52.429|1|1|475|3|
30|5|3931|C|2|0|25|39|77|9|2|5|20|37|5|2|5||||0|11|2015|6|7|19|11|36.785|1|2|554|3|
30|5|3951|C|1|0|11|66|210|10|1|0|3|8|5|0|4||||0|6|2015|6|7|19|19|0.328|1|2|576|3|
30|5|3965|C|1|0|15|57|102|11|10|3|10|19|10|1|4||||0|11|2015|6|7|19|7|55.574|1|1|631|3|
30|5|3968|B|1|0|15|44|80|10|12|3|13|20|5|1|2||||0|10|2015|6|7|19|2|57.534|1|1|443|3|
30|5|3970|C|1|0|22|22|59|4|7|3|7|9|10|5|3||||1|6|2015|6|7|19|11|48.246|1|1|528|3|
30|6|2929|C|1|0|4|71|117|6|4|68|13|13|4|1|5||||0|11|2015|6|7|19|10|24.797|1|2|657|3|
30|6|2957|C|1|0|4|17|17|0|145|108|5|37|1|0|1||||0|12|2015|6|7|19|7|53.683|1|2|742|3|
30|6|2959|S|1|0|0|8|9|0|3|14|2|6|3|0|0||||0|2|2015|6|7|19|17|14.917|1|2|0|3|
30|6|2970|B|1|0|5|17|51|4|3|104|7|19|18|1|0||||0|12|2015|6|7|19|19|12.529|1|2|433|3|
30|7|427|E|1|0|104|77|15|7|3|23|9|27|3|5|5||||1|10|2015|6|7|19|3|1.994|1|2|516|3|
30|7|431|B|1|0|98|48|6|4|3|2|4|20|1|1|5||||0|5|2015|6|7|18|36|34.685|1|2|354|3|
30|7|432|B|1|0|128|84|15|37|4|1|5|5|1|5|10||||0|5|2015|6|7|18|51|9.237|1|2|472|3|
30|7|433|C|1|0|63|88|62|5|6|0|6|20|3|10|5||||2|12|2015|6|7|19|13|48.505|1|2|490|3|
30|7|1846|C|2|0|44|43|20|85|4|4|2|18|1|2|3||||10|8|2015|6|7|19|17|27.075|1|2|562|3|
30|7|2539|C|2|0|63|37|37|31|8|6|4|49|7|3|12||||4|15|2015|6|7|18|47|5.204|1|2|557|3|
30|7|2545|C|1|0|137|52|14|24|16|0|1|19|2|2|6||||0|12|2015|6|7|18|53|6.136|1|2|502|3|
30|7|2610|B|1|0|86|72|42|14|0|5|3|20|2|2|8||||2|11|2015|6|7|19|10|39.705|1|2|458|3|
30|7|4063|E|1|0|11|13|26|8|1|3|3|12|2|3|1||||0|3|2015|6|7|19|7|50.138|1|2|170|3|
30|7|4073|B|1|0|47|85|39|71|5|7|2|15|5|6|15||||0|20|2015|6|7|19|10|20.655|1|2|741|3|
30|8|47|B|1|0|23|50|12|12|3|31|59|27|5|3|0|2|||2|11|2015|6|7|19|16|58.013|1|2|540|3|
30|8|54|B|1|0|30|50|67|9|5|2|3|5|4|4|0|1|||0|4|2015|6|7|19|13|7.992|1|2|336|3|
30|8|74|C|1|0|36|59|6|11|4|67|3|26|2|2|0|0|||0|14|2015|6|7|19|17|37.228|1|2|433|3|
30|8|1485|C|2|0|40|58|75|7|14|3|9|29|7|9|5|3|||0|11|2015|6|7|18|59|7.199|1|2|652|3|
30|8|1497|C|1|0|10|47|43|8|2|5|2|45|1|4|1|2|||0|6|2015|6|7|19|21|39.643|1|2|486|3|
30|8|2095|C|2|0|47|79|14|19|7|6|7|27|4|9|3|0|||3|27|2015|6|7|18|56|5.628|1|2|709|3|
30|8|2102|C|1|0|36|56|76|9|5|6|5|26|4|6|1|2|||0|17|2015|6|7|19|10|34.482|1|2|591|3|
30|8|2176|B|1|0|90|156|26|4|10|3|4|17|1|7|0|1|||0|11|2015|6|7|19|18|23.692|1|2|543|3|
30|8|2202|C|1|0|23|52|52|18|10|1|0|46|3|0|2|6|||0|9|2015|6|7|19|19|40.25|1|2|544|3|
30|8|2595|C|1|0|34|50|24|11|4|5|6|22|3|6|2|3|||8|12|2015|6|7|19|2|11.475|1|2|519|3|
30|8|4176|B|1|0|20|49|4|16|3|177|1|16|0|0|2|0|||7|14|2015|6|7|18|55|58.866|1|2|552|3|
30|8|4197|C|1|0|12|106|55|12|12|8|8|25|6|11|5|2|||2|11|2015|6|7|19|21|17.891|1|2|652|3|
30|8|4541|C|1|0|18|56|90|106|19|3|3|23|0|1|5|1|||5|5|2015|6|7|18|58|1.483|1|2|687|3|
30|9|468|E|1|0|55|106|20|9|11|4|3|14|5|4|4||||0|20|2015|6|7|19|6|4.84|1|2|481|3|
30|9|721|B|1|0|34|36|8|8|18|16|11|59|5|9|3||||1|20|2015|6|7|19|18|2.503|1|1|499|3|
30|9|752|B|1|0|31|20|11|8|8|14|5|31|2|10|2||||0|11|2015|6|7|18|41|21.701|1|2|444|3|
30|9|3749|C|1|0|31|60|20|17|7|7|7|62|4|5|1||||1|16|2015|6|7|18|53|46.24|1|2|583|3|
30|9|4503|B|1|0|18|76|34|16|3|27|4|16|4|6|2||||0|3|2015|6|7|19|12|31.672|1|2|454|3|
30|9|4507|C|1|0|12|67|35|3|4|5|7|28|0|2|3||||0|8|2015|6|7|18|30|44.325|1|2|633|3|
30|9|4510|C|1|0|16|29|46|3|7|6|2|60|4|14|0||||0|18|2015|6|7|19|8|16.67|1|1|592|3|
30|10|1996|B|1|0|48|29|14|2|11|14|3|41|8|9|2|2|8|5|3|23|2015|6|7|19|10|38.003|1|1|448|3|
30|11|790|C|1|0|37|43|13|6|6|4|7|78|10|11|5||3|5|1|9|2015|6|7|19|3|3.16|1|1|486|3|
30|11|911|B|1|0|7|56|11|3|2|1|20|64|3|2|3||2|0|1|6|2015|6|7|19|7|22.508|1|1|422|3|
30|12|4220|B|1|0|74|33|16|12|5|10|8|40|3|6|4||||0|13|2015|6|7|18|42|30.437|1|1|479|3|
30|12|4230|C|5|0|77|57|12|16|10|13|10|36|5|5|5||||1|16|2015|6|7|18|57|50.291|1|1|699|3|
30|12|4270|B|1|0|73|45|18|7|4|5|1|29|0|8|3||||0|13|2015|6|7|19|21|25.851|1|1|523|3|
30|12|4354|C|1|0|90|43|6|6|5|4|6|25|6|3|3||||0|18|2015|6|7|19|0|0.928|1|1|494|3|
30|12|4406|B|1|0|113|34|7|6|11|7|3|35|5|4|5||||0|19|2015|6|7|18|37|17.407|1|1|538|3|
30|12|4780|C|1|0|58|32|6|6|8|16|4|29|10|6|3||||2|18|2015|6|7|18|54|14.166|1|1|384|3|
30|12|4791|C|1|0|78|44|10|12|8|14|5|32|6|5|6||||2|15|2015|6|7|19|9|16.166|1|1|554|3|
30|13|106|C|1|0|118|99|10|16|3|27|4|10|7|4|1||||0|16|2015|6|7|19|18|52.401|1|2|650|3|
30|13|398|B|1|0|50|54|6|7|2|36|8|5|3|3|1||||0|7|2015|6|7|19|7|31.588|1|2|417|3|
30|13|403|B|1|0|21|45|9|3|1|23|2|12|3|1|4||||0|13|2015|6|7|19|15|24.965|1|2|461|3|
30|13|408|B|1|0|57|35|3|6|1|14|2|21|4|3|3||||0|11|2015|6|7|19|5|18.653|1|2|597|3|
30|13|408|C|2|0|68|42|5|9|1|16|2|29|1|1|1||||2|12|2015|6|7|18|53|51.739|1|2|596|3|
30|13|410|B|1|0|51|25|3|7|0|26|2|15|2|0|5||||0|6|2015|6|7|19|8|30.432|1|2|511|3|
30|13|1607|C|2|0|46|85|7|20|7|28|7|50|5|6|18||||0|29|2015|6|7|19|3|28.382|1|1|645|3|
30|13|2263|E|1|0|41|88|10|3|0|50|4|4|1|2|7||||0|1|2015|6|7|19|17|51.053|1|2|526|3|
30|13|2991|C|1|0|75|60|81|10|2|23|6|37|4|3|5||||1|9|2015|6|7|19|21|50.572|1|2|741|3|
30|13|3264|E|1|0|119|65|5|29|1|12|3|6|2|1|15||||0|4|2015|6|7|19|13|58.506|1|2|468|3|
30|14|1421|B|1|0|9|29|10|3|11|1|3|42|4|4|2||||0|15|2015|6|7|19|9|9.042|1|1|500|3|
30|14|1429|C|1|0|12|20|10|10|20|2|3|48|3|5|3||||0|9|2015|6|7|19|10|11.32|1|1|627|3|
30|14|1443|E|1|0|14|34|2|8|16|0|1|0|0|0|1||||0|2|2015|6|7|19|8|52.674|1|2|227|3|
30|15|2271|B|1|0|25|107|26|7|1|2|1|3|5|2|4||||0|11|2015|6|7|19|10|44.321|1|2|446|3|
30|15|2635|C|2|0|49|68|13|4|5|1|5|53|4|13|1||||0|3|2015|6|7|19|12|35.935|1|2|609|3|
30|15|2748|C|1|0|47|44|6|8|10|3|4|40|3|5|4||||1|15|2015|6|7|19|8|45.619|1|1|395|3|
30|16|307|C|1|0|65|93|13|12|7|11|4|42|14|11|1||||0|7|2015|6|7|19|1|23.911|1|1|633|3|
30|16|1004|B|1|0|47|49|12|6|6|18|1|36|9|11|3||||0|22|2015|6|7|19|17|20.18|1|1|498|3|
30|16|1038|B|1|0|47|41|7|11|5|15|2|38|13|7|4||||1|12|2015|6|7|19|18|9.545|1|1|479|3|
30|16|1063|B|1|0|98|57|26|7|2|15|3|43|23|6|3||||0|23|2015|6|7|19|21|19.034|1|1|623|3|
30|16|1089|C|2|0|95|132|3|12|6|15|7|37|17|13|12||||0|17|2015|6|7|19|21|25.644|1|1|724|3|
30|16|1533|C|1|0|67|47|11|11|5|3|8|18|17|6|7||||0|19|2015|6|7|19|14|4.765|1|1|493|3|
30|17|271|C|1|0|30|61|1|10|1|1|3|6|1|1|3||||0|9|2015|6|7|18|56|42.066|1|2|504|3|
30|17|1110|B|1|0|29|46|18|21|7|1|5|28|1|6|0||||0|14|2015|6|7|18|55|2.566|1|1|394|3|
30|17|1263|B|1|0|76|62|2|7|0|0|3|16|1|3|1||||0|9|2015|6|7|18|42|30.599|1|2|409|3|
30|17|2392|E|2|0|87|24|8|10|9|15|10|41|10|3|2||||1|23|2015|6|7|18|43|30.204|1|2|725|3|
30|17|2397|C|2|0|34|64|4|17|0|0|4|14|2|4|6||||1|9|2015|6|7|19|2|53.072|1|2|587|3|
30|17|3879|B|1|0|114|38|1|9|4|3|0|26|2|4|1||||0|12|2015|6|7|19|1|49.125|1|1|455|3|
30|17|3897|B|1|0|106|92|5|8|2|1|4|7|1|2|4||||0|10|2015|6|7|18|48|8.991|1|2|543|3|
30|17|4634|B|1|0|47|80|9|3|2|1|4|32|2|0|7||||0|4|2015|6|7|19|21|54.601|1|2|490|3|
30|18|1291|B|1|0|52|69|9|22|16|33|6|16|3|6|0||||0|13|2015|6|7|19|6|9.504|1|2|525|3|
30|18|1668|B|1|0|31|31|19|10|2|14|8|35|7|3|2||||0|9|2015|6|7|19|12|56.269|1|1|415|3|
30|18|3281|B|1|0|70|36|39|16|6|14|7|39|4|14|2||||0|29|2015|6|7|18|52|0.31|1|1|652|3|
30|18|3830|B|1|0|46|40|18|62|3|48|6|13|2|0|1||||3|16|2015|6|7|19|14|53.873|1|2|465|3|
30|18|3830|C|1|0|56|38|8|31|3|50|1|7|1|2|7||||5|15|2015|6|7|19|16|4.202|1|2|465|3|
30|18|4535|B|1|0|53|75|36|39|2|9|3|19|3|1|4||||0|15|2015|6|7|19|22|10.505|1|2|433|3|
30|19|85|B|1|0|26|101|19|112|1|1|3|5|5|0|4||||6|5|2015|6|7|19|15|21.691|1|2|601|3|
30|19|2230|B|1|0|53|119|18|27|3|5|6|18|2|3|12||||0|13|2015|6|7|19|12|37.227|1|1|607|3|
30|19|3336|C|1|0|43|62|9|12|14|1|7|42|5|20|4||||2|14|2015|6|7|19|11|0.16|1|1|549|3|
30|19|3339|C|2|0|36|57|10|6|8|8|15|45|5|11|3||||5|4|2015|6|7|19|10|23.628|1|1|527|3|
30|19|3358|B|1|0|58|41|23|19|0|2|6|32|3|13|5||||0|10|2015|6|7|19|5|52.037|1|2|408|3|
30|19|3401|B|1|0|19|131|15|18|4|0|2|2|1|2|5||||1|1|2015|6|7|18|48|57.93|1|2|461|3|
30|19|3465|B|1|0|31|39|71|35|5|2|4|60|6|3|0||||0|9|2015|6|7|19|8|32.856|1|2|663|3|
30|19|3465|C|1|0|25|41|77|33|8|4|1|47|6|8|4||||0|15|2015|6|7|19|22|5.948|1|2|662|3|
30|20|1711|C|1|0|25|219|7|11|4|7|5|12|2|3|9||||0|18|2015|6|7|19|5|46.133|2|2|581|3|
30|20|2192|B|1|0|19|98|0|5|2|0|0|7|1|4|12||||0|4|2015|6|7|18|54|8.255|1|2|415|3|
30|20|2200|B|1|0|37|106|3|18|8|52|5|10|2|0|5||||0|14|2015|6|7|18|56|38.563|1|2|547|3|
30|20|3081|C|3|0|30|177|3|5|15|10|5|19|0|1|6||||0|14|2015|6|7|19|14|44.474|1|2|687|3|
30|20|3432|B|1|0|42|72|9|4|5|1|3|6|0|1|5||||0|9|2015|6|7|19|7|26.176|1|2|323|3|
30|20|3477|C|1|0|15|84|19|16|0|5|8|69|12|3|2||||0|6|2015|6|7|19|18|58.643|1|2|501|3|
30|20|3791|C|1|0|16|106|2|11|3|1|2|23|1|2|0||||0|9|2015|6|7|18|42|51.777|1|2|549|3|
30|21|1225|B|1|0|12|74|32|3|5|3|4|38|6|0|4||||0|10|2015|6|7|19|8|48.353|1|1|452|3|
30|21|1236|C|1|0|16|65|19|2|3|2|2|56|8|11|5||||0|8|2015|6|7|19|0|0.358|1|1|448|3|
30|21|1238|C|1|0|17|69|13|29|3|1|2|29|3|7|7||||0|11|2015|6|7|19|21|5.903|1|1|630|3|
30|21|1653|B|1|0|36|98|18|29|1|0|5|36|4|2|9||||0|9|2015|6|7|19|5|37.622|1|2|587|3|
30|21|2112|C|1|0|48|67|9|8|3|3|5|96|1|2|1||||0|12|2015|6|7|19|14|8.75|1|1|700|3|
30|21|2643|C|1|0|48|39|10|23|0|1|2|25|0|0|3||||0|18|2015|6|7|19|2|43.957|1|1|477|3|
30|21|3496|C|1|0|31|67|7|16|1|1|3|26|0|2|0||||0|8|2015|6|7|19|0|38.545|1|1|580|3|
30|21|3816|B|1|0|17|51|37|1|1|0|3|39|0|0|0||||0|5|2015|6|7|19|21|28.883|1|2|360|3|
31|3|344|B|1|0|110|157|7|7|3|10|11|19|5|8|1||||0|9|2015|6|7|18|46|59.922|1|1|475|3|
31|3|475|B|1|0|100|116|5|8|2|3|3|7|2|1|11||||0|25|2015|6|7|18|50|16.791|1|1|514|3|
31|3|625|C|8|0|83|192|4|10|1|4|2|3|0|4|3||||0|8|2015|6|7|18|34|30.228|1|1|707|3|
32|1|45|C|1|0|23|28|13|5|8|3|6|8|9|10|1|1|||0|9|2015|6|7|19|1|42.182|1|1|391|2|
32|1|135|B|1|0|14|82|11|7|54|4|6|5|6|10|3|2|||0|8|2015|6|7|19|0|18.669|1|2|607|2|
32|1|141|B|1|0|17|37|13|9|42|1|8|6|5|15|0|3|||0|9|2015|6|7|19|17|2.566|1|1|441|2|
32|1|211|B|1|0|18|65|14|4|50|2|10|18|8|19|2|1|||2|11|2015|6|7|19|4|57.24|1|1|458|2|
32|1|277|B|1|0|19|57|13|20|72|1|5|3|2|9|2|4|||0|11|2015|6|7|19|12|51.2|1|2|480|2|
32|1|318|B|1|0|5|140|7|10|163|1|2|4|3|6|3|9|||0|9|2015|6|7|18|53|48.995|1|2|600|2|
32|1|1259|B|1|0|30|115|69|10|32|2|13|13|4|11|1|2|||1|9|2015|6|7|19|5|30.599|1|2|600|2|
32|1|1330|B|1|0|8|40|8|0|9|0|2|1|0|1|1|0|||0|3|2015|6|7|19|2|28.25|1|2|188|2|
32|2|1|B|1|0|112|57|14|17|1|0|2|1|1|1|1|1|||0|14|2015|6|7|19|8|3.502|1|2|456|2|
32|2|606|C|1|0|143|62|19|13|10|6|12|15|3|9|5|1|||0|12|2015|6|7|19|19|57.046|1|2|655|2|
32|2|607|B|1|0|98|110|13|16|4|5|10|11|5|11|4|0|||0|21|2015|6|7|19|9|46.319|1|1|618|2|
32|2|669|B|1|0|25|27|2|1|4|0|2|4|1|0|2|0|||0|3|2015|6|7|19|11|28.735|1|2|138|2|
32|2|798|B|1|0|59|81|11|40|6|1|3|9|2|5|1|1|||0|6|2015|6|7|19|14|49.914|1|2|513|2|
32|2|880|B|1|0|3|21|22|11|1|0|0|1|0|0|6|2|||0|1|2015|6|7|19|2|25.216|1|2|138|2|
32|2|924|B|1|0|11|25|8|10|21|1|3|0|3|0|1|2|||0|0|2015|6|7|19|5|40.397|1|2|144|2|
32|2|954|B|1|0|49|84|22|74|0|2|7|10|5|4|4|2|||0|12|2015|6|7|19|15|55.084|1|2|550|2|
32|2|956|B|1|0|51|70|21|48|2|2|2|10|2|2|0|0|||0|10|2015|6|7|19|8|57.722|1|2|535|2|
32|2|957|B|1|0|39|65|22|63|5|2|3|2|0|4|3|0|||0|16|2015|6|7|19|2|56.512|1|2|578|2|
32|2|1014|B|1|0|16|30|1|7|0|0|5|0|0|0|2|0|||0|1|2015|6|7|19|20|0.367|1|2|120|2|
32|2|1460|B|1|0|5|57|12|2|0|0|2|0|2|1|0|0|||0|4|2015|6|7|19|4|38.945|1|2|154|2|
32|2|1482|B|1|0|12|18|12|1|3|0|0|0|0|0|0|0|||0|6|2015|6|7|19|17|0.752|1|2|299|2|
32|2|1510|E|1|0|36|51|66|8|9|1|2|1|0|1|0|2|||0|6|2015|6|7|19|13|35.881|1|2|319|2|
32|2|1577|B|1|0|20|82|103|2|4|0|2|6|0|1|1|1|||0|8|2015|6|7|19|5|5.073|1|2|399|2|
32|2|1711|C|1|0|51|50|34|8|0|3|3|4|2|1|7|0|||0|6|2015|6|7|19|21|42.477|1|2|503|2|
32|3|74|B|1|0|6|93|57|24|11|1|5|3|3|2|3||||0|8|2015|6|7|19|14|31.922|1|2|497|2|
32|3|98|B|1|0|2|55|38|19|6|0|0|0|1|0|0||||0|0|2015|6|7|18|38|38.529|1|2|227|2|
32|3|718|B|1|0|11|147|14|11|90|1|6|9|0|1|0||||0|14|2015|6|7|19|13|6.907|1|1|705|2|
32|3|719|C|1|0|14|78|3|17|68|2|4|11|2|1|1||||0|5|2015|6|7|19|14|59.842|1|2|531|2|
32|3|824|B|1|0|3|22|38|2|9|0|0|1|0|0|1||||0|3|2015|6|7|18|46|4.941|1|2|229|2|
32|3|851|B|1|0|4|17|29|0|3|0|2|0|3|0|1||||0|0|2015|6|7|19|9|1.952|1|2|355|2|
32|3|866|B|1|0|1|45|15|2|2|0|0|0|0|0|0||||0|1|2015|6|7|19|0|5.1|1|2|116|2|
32|3|949|B|1|0|9|57|27|16|15|13|6|16|7|7|1||||0|13|2015|6|7|18|56|29.252|1|2|413|2|
32|3|1080|B|1|0|17|81|27|5|17|2|6|33|1|6|0||||0|4|2015|6|7|19|17|57.382|1|2|449|2|
32|3|1217|B|1|0|36|87|43|14|15|25|13|19|7|6|1||||0|19|2015|6|7|19|10|22.259|1|1|681|2|
32|3|1611|C|1|0|6|40|20|5|103|2|8|3|0|3|0||||0|9|2015|6|7|19|19|37.919|1|2|376|2|
32|3|1619|B|1|0|2|48|60|0|0|0|1|0|1|1|0||||0|5|2015|6|7|18|52|56.032|1|2|222|2|
32|3|1631|B|1|0|6|28|18|49|90|1|4|2|0|2|1||||0|6|2015|6|7|19|2|12.576|1|2|410|2|
32|3|1851|B|1|0|28|59|25|19|19|10|12|41|15|22|1||||0|25|2015|6|7|18|53|17.808|1|1|602|2|
32|3|1881|B|1|0|6|78|25|16|4|0|5|4|3|5|1||||0|4|2015|6|7|19|6|17.29|1|2|230|2|
32|4|445|C|1|0|1|42|66|35|15|3|2|2|3|0|0||||0|8|2015|6|7|19|11|6.565|1|2|514|2|
32|4|461|B|1|0|8|54|12|50|33|4|9|42|15|15|2||||0|27|2015|6|7|18|56|39.048|1|1|672|2|
32|4|530|B|1|0|5|95|142|8|15|5|5|14|4|8|1||||1|7|2015|6|7|18|55|44.148|1|2|744|2|
32|4|531|C|2|0|3|62|64|7|26|4|3|8|3|5|3||||0|1|2015|6|7|19|0|29.667|1|1|503|2|
32|4|768|C|1|0|5|45|9|12|36|4|2|134|6|4|1||||0|16|2015|6|7|19|5|4.152|1|2|712|2|
32|4|774|B|1|0|2|24|4|12|20|5|4|89|3|3|1||||0|10|2015|6|7|18|25|9.863|1|1|382|2|
32|4|1025|C|1|0|3|108|12|3|13|2|3|29|2|2|0||||0|6|2015|6|7|18|52|29.583|1|1|415|2|
32|4|1043|C|1|0|19|38|44|11|53|1|4|14|1|2|1||||0|7|2015|6|7|18|52|37.646|1|1|597|2|
32|4|1099|B|1|0|3|315|13|4|3|0|4|2|0|2|6||||0|4|2015|6|7|19|17|50.083|1|2|563|2|
32|4|1108|B|1|0|3|208|18|7|57|0|3|6|1|2|7||||0|10|2015|6|7|19|0|54.131|1|2|622|2|
32|4|1696|B|1|0|6|67|87|0|75|9|2|20|1|0|0||||0|42|2015|6|7|19|4|35.775|1|2|519|2|
32|4|1894|B|1|0|8|27|24|14|24|6|5|28|7|8|0||||3|13|2015|6|7|19|9|52.045|1|1|486|2|
32|4|1906|B|1|0|16|43|10|13|20|6|6|51|10|18|0||||0|19|2015|6|7|19|13|46.648|1|1|559|2|
