9
ID_ESTADO|ID_DISTRITO_FEDERAL|SECCION|TIPO_CASILLA|ID_CASILLA|EXT_CONTIGUA|TIPO_SECCION|LISTA_NOMINAL|ID_MUNICIPIO|ID_DIST_LOC|ID_ESTRATO_F|ESTRATO_F|ID_ESTRATO_L|ESTRATO_L|ID_AREA_RESPONSABILIDAD|PAN|PRI|PRD|PT|PVEM|MC|MORENA|PES|RSP|FPM|PAN_PRI_PRD|PAN_PRI|PAN_PRD|PRI_PRD|PVEM_PT_MORENA|PVEM_PT|PVEM_MORENA|PT_MORENA|CI1|CNR|NULOS|TOTAL|ANIO|MES|DIA|HORA|MINUTOS|SEGUNDOS|ORIGEN_CAPTURA|MODIFICADO
9|8|5251|C|1|0|1|589|17|10|0|E0|0||98|28|45|12|7|3|13|144|8|6|1|3|1|0|0|0|2|0|4|0|0|5|282|2021|6|6|18|31|40|1|N
10|2|597|B|1|0|3|662|7|10|0|E0|0||83|26|78|2|2|4|2|184|5|2|1|3|0|0|0|0|1|0|0|0|0|5|315|2021|6|6|18|33|3|1|N
11|7|2036|C|8|0|1|706|25|10|0|E0|0||83|122|36|0|4|7|14|36|1|0|0|0|0|0|0|0|0|0|0|0|0|4|224|2021|6|6|18|33|15|1|N
11|7|2493|B|1|0|3|394|31|10|0|E0|0||132|60|82|0|1|4|2|7|1|0|1|0|0|0|0|0|0|0|0|0|1|4|163|2021|6|6|18|33|11|1|N
13|3|683|B|1|0|3|100|37|2|0|E0|0||70|1|26|6|0|0|0|17|2|1|1|0|0|0|0|0|0|0|0|0|0|2|56|2021|6|6|18|30|35|1|N
13|3|703|B|1|0|3|106|38|8|0|E0|0||78|0|22|24|0|1|0|6|4|3|0|0|0|0|2|0|0|0|0|0|0|2|64|2021|6|6|18|24|38|1|N
14|1|2745|B|1|0|3|170|105|1|0|E0|0||27|28|17|1|0|2|37|7|1|1|0|0|0|0|0|0|0|0|0|0|0|0|94|2021|6|6|18|31|59|1|N
14|10|3157|B|1|0|1|694|120|10|0|E0|0||90|37|19|3|5|4|80|68|9|4|13|0|0|0|0|0|0|0|0|0|2|6|250|2021|6|6|18|16|50|1|N
15|29|3082|C|2|0|1|551|60|25|0|E0|0||108|27|48|20|4|7|55|110|4|2|7|2|0|0|0|0|0|0|0|0|0|0|286|2021|6|6|18|27|28|1|N
