532
iD_ESTADO|ID_DISTRITO_FEDERAL|SECCION|TIPO_CASILLA|ID_CASILLA|EXT_CONTIGUA|TIPO_SECCION|LISTA_NOMINAL|ID_MUNICIPIO|ID_DIST_LOC|ID_ESTRATO_F|ESTRATO_F|ID_ESTRATO_L|ESTRATO_L|ID_AREA_RESPONSABILIDAD|PAN|PRI|PRD|PVEM|PT|MC|MORENA|PES|RSP|FPM|PAN_PRI_PRD|PAN_PRI|PAN_PRD|PRI_PRD|PT_MORENA|CNR|NULOS|TOTAL|CMCB|SGSD|LESSR|EFM|NAS|MMCA|LAGH|ANIO|MES|DIA|HORA|MINUTOS|SEGUNDOS|ORIGEN_CAPTURA|MODIFICADO
4|1|1|B|1|0|1|750|1|7|0|0|1|ESTRATO_1|1|0|0|0|0|0|0|0|0|0|0|0|0|0|0|0|0|0|0|||||||||||||||
4|1|2|B|1|0|1|750|1|7|0|0|1|ESTRATO_1|1|0|0|0|0|0|0|0|0|0|0|0|0|0|0|0|0|0|0|||||||||||||||
4|1|3|B|1|0|1|750|1|7|0|0|1|ESTRATO_1|1|0|0|0|0|0|0|0|0|0|0|0|0|0|0|0|0|0|0|0|0|0|0|0|0|0||||||||
4|1|4|B|1|0|1|750|1|1|0|0|1|ESTRATO_1|1|0|0|0|0|0|0|0|0|0|0|0|0|0|0|0|0|0|0|0|0|0|0|0|0|0||||||||
4|1|5|B|1|0|1|750|1|7|0|0|1|ESTRATO_1|1|0|0|0|0|0|0|0|0|0|0|0|0|0|0|0|0|0|0|0|0|0|0|0|0|0||||||||
4|1|6|B|1|0|1|750|1|7|0|0|1|ESTRATO_1|1|0|0|0|0|0|0|0|0|0|0|0|0|0|0|0|0|0|0|0|0|0|0|0|0|0||||||||
4|1|7|B|1|0|1|750|1|7|0|0|1|ESTRATO_1|1|0|0|0|0|0|0|0|0|0|0|0|0|0|0|0|0|0|0|0|0|0|0|0|0|0||||||||
4|1|8|B|1|0|1|750|1|7|0|0|1|ESTRATO_1|1|0|0|0|0|0|0|0|0|0|0|0|0|0|0|0|0|0|0|0|0|0|0|0|0|0||||||||
4|1|9|B|1|0|1|750|1|2|0|0|1|ESTRATO_1|1|0|0|0|0|0|0|0|0|0|0|0|0|0|0|0|0|0|0|0|0|0|0|0|0|0||||||||
4|1|10|B|1|0|1|750|1|1|0|0|1|ESTRATO_1|1|0|0|0|0|0|0|0|0|0|0|0|0|0|0|0|0|0|0|||||||||||||||
4|1|11|B|1|0|1|750|1|7|0|0|1|ESTRATO_1|1|0|0|0|0|0|0|0|0|0|0|0|0|0|0|0|0|0|0|0|0|0|0|0|0|0||||||||
4|1|12|B|1|0|1|750|1|7|0|0|1|ESTRATO_1|1|0|0|0|0|0|0|0|0|0|0|0|0|0|0|0|0|0|0|0|0|0|0|0|0|0||||||||
4|1|13|B|1|0|1|750|1|1|0|0|1|ESTRATO_1|1|0|0|0|0|0|0|0|0|0|0|0|0|0|0|0|0|0|0|0|0|0|0|0|0|0||||||||
4|1|14|B|1|0|1|750|1|1|0|0|1|ESTRATO_1|1|0|0|0|0|0|0|0|0|0|0|0|0|0|0|0|0|0|0|0|0|0|0|0|0|0||||||||
4|1|15|B|1|0|1|750|1|1|0|0|1|ESTRATO_1|1|0|0|0|0|0|0|0|0|0|0|0|0|0|0|0|0|0|0|0|0|0|0|0|0|0||||||||
4|1|16|B|1|0|1|750|1|1|0|0|1|ESTRATO_1|1|0|0|0|0|0|0|0|0|0|0|0|0|0|0|0|0|0|0|0|0|0|0|0|0|0||||||||
4|1|17|B|1|0|2|750|1|2|0|0|1|ESTRATO_1|1|0|0|0|0|0|0|0|0|0|0|0|0|0|0|0|0|0|0|0|0|0|0|0|0|0||||||||
4|1|18|B|1|0|1|750|1|2|0|0|1|ESTRATO_1|1|0|0|0|0|0|0|0|0|0|0|0|0|0|0|0|0|0|0|0|0|0|0|0|0|0||||||||
4|1|19|B|1|0|1|750|1|1|0|0|1|ESTRATO_1|1|0|0|0|0|0|0|0|0|0|0|0|0|0|0|0|0|0|0|0|0|0|0|0|0|0||||||||
4|1|20|B|1|0|1|750|1|1|0|0|1|ESTRATO_1|1|0|0|0|0|0|0|0|0|0|0|0|0|0|0|0|0|0|0|0|0|0|0|0|0|0||||||||
4|1|21|B|1|0|1|750|1|1|0|0|1|ESTRATO_1|1|0|0|0|0|0|0|0|0|0|0|0|0|0|0|0|0|0|0|0|0|0|0|0|0|0||||||||
4|1|22|B|1|0|1|750|1|1|0|0|1|ESTRATO_1|1|0|0|0|0|0|0|0|0|0|0|0|0|0|0|0|0|0|0|0|0|0|0|0|0|0||||||||
4|1|23|B|1|0|1|750|1|1|0|0|1|ESTRATO_1|1|0|0|0|0|0|0|0|0|0|0|0|0|0|0|0|0|0|0|0|0|0|0|0|0|0||||||||
4|1|24|B|1|0|1|750|1|7|0|0|1|ESTRATO_1|1|0|0|0|0|0|0|0|0|0|0|0|0|0|0|0|0|0|0|0|0|0|0|0|0|0||||||||
4|1|25|B|1|0|1|750|1|7|0|0|1|ESTRATO_1|1|0|0|0|0|0|0|0|0|0|0|0|0|0|0|0|0|0|0|0|0|0|0|0|0|0||||||||
4|1|26|B|1|0|1|750|1|7|0|0|1|ESTRATO_1|1|0|0|0|0|0|0|0|0|0|0|0|0|0|0|0|0|0|0|0|0|0|0|0|0|0||||||||
4|1|27|B|1|0|1|750|1|7|0|0|1|ESTRATO_1|1|0|0|0|0|0|0|0|0|0|0|0|0|0|0|0|0|0|0|0|0|0|0|0|0|0||||||||
4|1|28|B|1|0|1|750|1|5|0|0|1|ESTRATO_1|1|0|0|0|0|0|0|0|0|0|0|0|0|0|0|0|0|0|0|0|0|0|0|0|0|0||||||||
4|1|29|B|1|0|1|750|1|7|0|0|1|ESTRATO_1|1|0|0|0|0|0|0|0|0|0|0|0|0|0|0|0|0|0|0|0|0|0|0|0|0|0||||||||
4|1|30|B|1|0|1|750|1|7|0|0|1|ESTRATO_1|1|0|0|0|0|0|0|0|0|0|0|0|0|0|0|0|0|0|0|0|0|0|0|0|0|0||||||||
4|1|31|B|1|0|1|750|1|7|0|0|1|ESTRATO_1|1|0|0|0|0|0|0|0|0|0|0|0|0|0|0|0|0|0|0|0|0|0|0|0|0|0||||||||
4|1|32|B|1|0|1|750|1|1|0|0|1|ESTRATO_1|1|0|0|0|0|0|0|0|0|0|0|0|0|0|0|0|0|0|0|0|0|0|0|0|0|0||||||||
4|1|33|B|1|0|1|750|1|1|0|0|1|ESTRATO_1|1|0|0|0|0|0|0|0|0|0|0|0|0|0|0|0|0|0|0|0|0|0|0|0|0|0||||||||
4|1|34|B|1|0|1|750|1|1|0|0|1|ESTRATO_1|1|0|0|0|0|0|0|0|0|0|0|0|0|0|0|0|0|0|0|0|0|0|0|0|0|0||||||||
4|1|35|B|1|0|1|750|1|1|0|0|1|ESTRATO_1|1|0|0|0|0|0|0|0|0|0|0|0|0|0|0|0|0|0|0|0|0|0|0|0|0|0||||||||
4|1|36|B|1|0|1|750|1|1|0|0|1|ESTRATO_1|1|0|0|0|0|0|0|0|0|0|0|0|0|0|0|0|0|0|0|0|0|0|0|0|0|0||||||||
4|1|37|B|1|0|1|750|1|1|0|0|1|ESTRATO_1|1|0|0|0|0|0|0|0|0|0|0|0|0|0|0|0|0|0|0|0|0|0|0|0|0|0||||||||
4|1|38|B|1|0|1|750|1|2|0|0|1|ESTRATO_1|1|0|0|0|0|0|0|0|0|0|0|0|0|0|0|0|0|0|0|0|0|0|0|0|0|0||||||||
4|1|39|B|1|0|1|750|1|2|0|0|1|ESTRATO_1|1|0|0|0|0|0|0|0|0|0|0|0|0|0|0|0|0|0|0|0|0|0|0|0|0|0||||||||
4|1|40|B|1|0|1|750|1|1|0|0|1|ESTRATO_1|1|0|0|0|0|0|0|0|0|0|0|0|0|0|0|0|0|0|0|0|0|0|0|0|0|0||||||||
4|1|41|B|1|0|1|750|1|1|0|0|1|ESTRATO_1|1|0|0|0|0|0|0|0|0|0|0|0|0|0|0|0|0|0|0|0|0|0|0|0|0|0||||||||
4|1|42|B|1|0|1|750|1|3|0|0|1|ESTRATO_1|1|0|0|0|0|0|0|0|0|0|0|0|0|0|0|0|0|0|0|0|0|0|0|0|0|0||||||||
4|1|43|B|1|0|1|750|1|3|0|0|1|ESTRATO_1|1|0|0|0|0|0|0|0|0|0|0|0|0|0|0|0|0|0|0|0|0|0|0|0|0|0||||||||
4|1|44|B|1|0|1|750|1|7|0|0|1|ESTRATO_1|1|0|0|0|0|0|0|0|0|0|0|0|0|0|0|0|0|0|0|0|0|0|0|0|0|0||||||||
4|1|45|B|1|0|1|750|1|7|0|0|1|ESTRATO_1|1|0|0|0|0|0|0|0|0|0|0|0|0|0|0|0|0|0|0|0|0|0|0|0|0|0||||||||
4|1|46|B|1|0|1|750|1|7|0|0|1|ESTRATO_1|1|0|0|0|0|0|0|0|0|0|0|0|0|0|0|0|0|0|0|0|0|0|0|0|0|0||||||||
4|1|47|B|1|0|1|750|1|7|0|0|1|ESTRATO_1|1|0|0|0|0|0|0|0|0|0|0|0|0|0|0|0|0|0|0|0|0|0|0|0|0|0||||||||
4|1|48|B|1|0|1|750|1|7|0|0|1|ESTRATO_1|1|0|0|0|0|0|0|0|0|0|0|0|0|0|0|0|0|0|0|0|0|0|0|0|0|0||||||||
4|1|49|B|1|0|1|750|1|4|0|0|1|ESTRATO_1|1|0|0|0|0|0|0|0|0|0|0|0|0|0|0|0|0|0|0|0|0|0|0|0|0|0||||||||
4|1|50|B|1|0|1|750|1|5|0|0|1|ESTRATO_1|1|0|0|0|0|0|0|0|0|0|0|0|0|0|0|0|0|0|0|0|0|0|0|0|0|0||||||||
4|1|51|B|1|0|1|750|1|5|0|0|1|ESTRATO_1|1|0|0|0|0|0|0|0|0|0|0|0|0|0|0|0|0|0|0|0|0|0|0|0|0|0||||||||
4|1|52|B|1|0|1|750|1|5|0|0|1|ESTRATO_1|1|0|0|0|0|0|0|0|0|0|0|0|0|0|0|0|0|0|0|0|0|0|0|0|0|0||||||||
4|1|53|B|1|0|1|750|1|5|0|0|1|ESTRATO_1|1|0|0|0|0|0|0|0|0|0|0|0|0|0|0|0|0|0|0|0|0|0|0|0|0|0||||||||
4|1|54|B|1|0|1|750|1|6|0|0|1|ESTRATO_1|1|0|0|0|0|0|0|0|0|0|0|0|0|0|0|0|0|0|0|0|0|0|0|0|0|0||||||||
4|1|55|B|1|0|1|750|1|5|0|0|1|ESTRATO_1|1|0|0|0|0|0|0|0|0|0|0|0|0|0|0|0|0|0|0|0|0|0|0|0|0|0||||||||
4|1|56|B|1|0|1|750|1|4|0|0|1|ESTRATO_1|1|0|0|0|0|0|0|0|0|0|0|0|0|0|0|0|0|0|0|0|0|0|0|0|0|0||||||||
4|1|57|B|1|0|1|750|1|4|0|0|1|ESTRATO_1|1|0|0|0|0|0|0|0|0|0|0|0|0|0|0|0|0|0|0|0|0|0|0|0|0|0||||||||
4|1|58|B|1|0|1|750|1|4|0|0|1|ESTRATO_1|1|0|0|0|0|0|0|0|0|0|0|0|0|0|0|0|0|0|0|0|0|0|0|0|0|0||||||||
4|1|59|B|1|0|1|750|1|4|0|0|1|ESTRATO_1|1|0|0|0|0|0|0|0|0|0|0|0|0|0|0|0|0|0|0|0|0|0|0|0|0|0||||||||
4|1|60|B|1|0|1|750|1|3|0|0|1|ESTRATO_1|1|0|0|0|0|0|0|0|0|0|0|0|0|0|0|0|0|0|0|0|0|0|0|0|0|0||||||||
4|1|61|B|1|0|1|750|1|3|0|0|1|ESTRATO_1|1|0|0|0|0|0|0|0|0|0|0|0|0|0|0|0|0|0|0|0|0|0|0|0|0|0||||||||
4|1|62|B|1|0|1|750|1|3|0|0|1|ESTRATO_1|1|0|0|0|0|0|0|0|0|0|0|0|0|0|0|0|0|0|0|0|0|0|0|0|0|0||||||||
4|1|63|B|1|0|1|750|1|3|0|0|1|ESTRATO_1|1|0|0|0|0|0|0|0|0|0|0|0|0|0|0|0|0|0|0|0|0|0|0|0|0|0||||||||
4|1|64|B|1|0|1|750|1|3|0|0|1|ESTRATO_1|1|0|0|0|0|0|0|0|0|0|0|0|0|0|0|0|0|0|0|0|0|0|0|0|0|0||||||||
4|1|65|B|1|0|1|750|1|3|0|0|1|ESTRATO_1|1|0|0|0|0|0|0|0|0|0|0|0|0|0|0|0|0|0|0|0|0|0|0|0|0|0||||||||
4|1|66|B|1|0|1|750|1|3|0|0|1|ESTRATO_1|1|0|0|0|0|0|0|0|0|0|0|0|0|0|0|0|0|0|0|0|0|0|0|0|0|0||||||||
4|1|67|B|1|0|1|750|1|3|0|0|1|ESTRATO_1|1|0|0|0|0|0|0|0|0|0|0|0|0|0|0|0|0|0|0|0|0|0|0|0|0|0||||||||
4|1|68|B|1|0|1|750|1|4|0|0|1|ESTRATO_1|1|0|0|0|0|0|0|0|0|0|0|0|0|0|0|0|0|0|0|0|0|0|0|0|0|0||||||||
4|1|69|B|1|0|1|750|1|4|0|0|1|ESTRATO_1|1|0|0|0|0|0|0|0|0|0|0|0|0|0|0|0|0|0|0|0|0|0|0|0|0|0||||||||
4|1|70|B|1|0|1|750|1|4|0|0|1|ESTRATO_1|1|0|0|0|0|0|0|0|0|0|0|0|0|0|0|0|0|0|0|0|0|0|0|0|0|0||||||||
4|1|71|B|1|0|1|750|1|5|0|0|1|ESTRATO_1|1|0|0|0|0|0|0|0|0|0|0|0|0|0|0|0|0|0|0|0|0|0|0|0|0|0||||||||
4|1|72|B|1|0|1|750|1|6|0|0|1|ESTRATO_1|1|0|0|0|0|0|0|0|0|0|0|0|0|0|0|0|0|0|0|0|0|0|0|0|0|0||||||||
4|1|73|B|1|0|1|750|1|6|0|0|1|ESTRATO_1|1|0|0|0|0|0|0|0|0|0|0|0|0|0|0|0|0|0|0|0|0|0|0|0|0|0||||||||
4|1|74|B|1|0|1|750|1|5|0|0|1|ESTRATO_1|1|0|0|0|0|0|0|0|0|0|0|0|0|0|0|0|0|0|0|0|0|0|0|0|0|0||||||||
4|1|75|B|1|0|1|750|1|5|0|0|1|ESTRATO_1|1|0|0|0|0|0|0|0|0|0|0|0|0|0|0|0|0|0|0|0|0|0|0|0|0|0||||||||
4|1|76|B|1|0|1|750|1|5|0|0|1|ESTRATO_1|1|0|0|0|0|0|0|0|0|0|0|0|0|0|0|0|0|0|0|0|0|0|0|0|0|0||||||||
4|1|77|B|1|0|1|750|1|4|0|0|1|ESTRATO_1|1|0|0|0|0|0|0|0|0|0|0|0|0|0|0|0|0|0|0|0|0|0|0|0|0|0||||||||
4|1|78|B|1|0|1|750|1|4|0|0|1|ESTRATO_1|1|0|0|0|0|0|0|0|0|0|0|0|0|0|0|0|0|0|0|0|0|0|0|0|0|0||||||||
4|1|79|B|1|0|1|750|1|3|0|0|1|ESTRATO_1|1|0|0|0|0|0|0|0|0|0|0|0|0|0|0|0|0|0|0|0|0|0|0|0|0|0||||||||
4|1|80|B|1|0|1|750|1|3|0|0|1|ESTRATO_1|1|0|0|0|0|0|0|0|0|0|0|0|0|0|0|0|0|0|0|0|0|0|0|0|0|0||||||||
4|1|81|B|1|0|1|750|1|2|0|0|1|ESTRATO_1|1|0|0|0|0|0|0|0|0|0|0|0|0|0|0|0|0|0|0|0|0|0|0|0|0|0||||||||
4|1|82|B|1|0|1|750|1|3|0|0|1|ESTRATO_1|1|0|0|0|0|0|0|0|0|0|0|0|0|0|0|0|0|0|0|0|0|0|0|0|0|0||||||||
4|1|83|B|1|0|1|750|1|3|0|0|1|ESTRATO_1|1|0|0|0|0|0|0|0|0|0|0|0|0|0|0|0|0|0|0|0|0|0|0|0|0|0||||||||
4|1|84|B|1|0|1|750|1|4|0|0|1|ESTRATO_1|1|0|0|0|0|0|0|0|0|0|0|0|0|0|0|0|0|0|0|0|0|0|0|0|0|0||||||||
4|1|85|B|1|0|1|750|1|4|0|0|1|ESTRATO_1|1|0|0|0|0|0|0|0|0|0|0|0|0|0|0|0|0|0|0|0|0|0|0|0|0|0||||||||
4|1|86|B|1|0|1|750|1|4|0|0|1|ESTRATO_1|1|0|0|0|0|0|0|0|0|0|0|0|0|0|0|0|0|0|0|0|0|0|0|0|0|0||||||||
4|1|87|B|1|0|1|750|1|5|0|0|1|ESTRATO_1|1|0|0|0|0|0|0|0|0|0|0|0|0|0|0|0|0|0|0|0|0|0|0|0|0|0||||||||
4|1|88|B|1|0|1|750|1|6|0|0|1|ESTRATO_1|1|0|0|0|0|0|0|0|0|0|0|0|0|0|0|0|0|0|0|0|0|0|0|0|0|0||||||||
4|1|89|B|1|0|1|750|1|6|0|0|1|ESTRATO_1|1|0|0|0|0|0|0|0|0|0|0|0|0|0|0|0|0|0|0|0|0|0|0|0|0|0||||||||
4|1|90|B|1|0|1|750|1|5|0|0|1|ESTRATO_1|1|0|0|0|0|0|0|0|0|0|0|0|0|0|0|0|0|0|0|0|0|0|0|0|0|0||||||||
4|1|91|B|1|0|1|750|1|5|0|0|1|ESTRATO_1|1|0|0|0|0|0|0|0|0|0|0|0|0|0|0|0|0|0|0|0|0|0|0|0|0|0||||||||
4|1|92|B|1|0|1|750|1|4|0|0|1|ESTRATO_1|1|0|0|0|0|0|0|0|0|0|0|0|0|0|0|0|0|0|0|0|0|0|0|0|0|0||||||||
4|1|93|B|1|0|1|750|1|4|0|0|1|ESTRATO_1|1|0|0|0|0|0|0|0|0|0|0|0|0|0|0|0|0|0|0|0|0|0|0|0|0|0||||||||
4|1|94|B|1|0|1|750|1|4|0|0|1|ESTRATO_1|1|0|0|0|0|0|0|0|0|0|0|0|0|0|0|0|0|0|0|0|0|0|0|0|0|0||||||||
4|1|95|B|1|0|1|750|1|4|0|0|1|ESTRATO_1|1|0|0|0|0|0|0|0|0|0|0|0|0|0|0|0|0|0|0|0|0|0|0|0|0|0||||||||
4|1|96|B|1|0|1|750|1|4|0|0|1|ESTRATO_1|1|0|0|0|0|0|0|0|0|0|0|0|0|0|0|0|0|0|0|0|0|0|0|0|0|0||||||||
4|1|97|B|1|0|1|750|1|4|0|0|1|ESTRATO_1|1|0|0|0|0|0|0|0|0|0|0|0|0|0|0|0|0|0|0|0|0|0|0|0|0|0||||||||
4|1|98|B|1|0|1|750|1|4|0|0|1|ESTRATO_1|1|0|0|0|0|0|0|0|0|0|0|0|0|0|0|0|0|0|0|0|0|0|0|0|0|0||||||||
4|1|99|B|1|0|1|750|1|5|0|0|1|ESTRATO_1|1|0|0|0|0|0|0|0|0|0|0|0|0|0|0|0|0|0|0|0|0|0|0|0|0|0||||||||
4|1|100|B|1|0|1|750|1|5|0|0|1|ESTRATO_1|1|0|0|0|0|0|0|0|0|0|0|0|0|0|0|0|0|0|0|0|0|0|0|0|0|0||||||||
4|1|101|B|1|0|1|750|1|5|0|0|1|ESTRATO_1|1|0|0|0|0|0|0|0|0|0|0|0|0|0|0|0|0|0|0|0|0|0|0|0|0|0||||||||
4|1|102|B|1|0|1|750|1|5|0|0|1|ESTRATO_1|1|0|0|0|0|0|0|0|0|0|0|0|0|0|0|0|0|0|0|0|0|0|0|0|0|0||||||||
4|1|103|B|1|0|1|750|1|5|0|0|1|ESTRATO_1|1|0|0|0|0|0|0|0|0|0|0|0|0|0|0|0|0|0|0|0|0|0|0|0|0|0||||||||
4|1|104|B|1|0|1|750|1|4|0|0|1|ESTRATO_1|1|0|0|0|0|0|0|0|0|0|0|0|0|0|0|0|0|0|0|0|0|0|0|0|0|0||||||||
4|1|105|B|1|0|1|750|1|4|0|0|1|ESTRATO_1|1|0|0|0|0|0|0|0|0|0|0|0|0|0|0|0|0|0|0|0|0|0|0|0|0|0||||||||
4|1|106|B|1|0|1|750|1|4|0|0|1|ESTRATO_1|1|0|0|0|0|0|0|0|0|0|0|0|0|0|0|0|0|0|0|0|0|0|0|0|0|0||||||||
4|1|107|B|1|0|1|750|1|6|0|0|1|ESTRATO_1|1|0|0|0|0|0|0|0|0|0|0|0|0|0|0|0|0|0|0|0|0|0|0|0|0|0||||||||
4|1|108|B|1|0|1|750|1|5|0|0|1|ESTRATO_1|1|0|0|0|0|0|0|0|0|0|0|0|0|0|0|0|0|0|0|0|0|0|0|0|0|0||||||||
4|1|109|B|1|0|1|750|1|5|0|0|1|ESTRATO_1|1|0|0|0|0|0|0|0|0|0|0|0|0|0|0|0|0|0|0|0|0|0|0|0|0|0||||||||
4|1|110|B|1|0|1|750|1|6|0|0|1|ESTRATO_1|1|0|0|0|0|0|0|0|0|0|0|0|0|0|0|0|0|0|0|0|0|0|0|0|0|0||||||||
4|1|111|B|1|0|1|750|1|5|0|0|1|ESTRATO_1|1|0|0|0|0|0|0|0|0|0|0|0|0|0|0|0|0|0|0|0|0|0|0|0|0|0||||||||
4|1|112|B|1|0|2|750|1|6|0|0|1|ESTRATO_1|1|0|0|0|0|0|0|0|0|0|0|0|0|0|0|0|0|0|0|0|0|0|0|0|0|0||||||||
4|1|113|B|1|0|1|750|1|6|0|0|1|ESTRATO_1|1|0|0|0|0|0|0|0|0|0|0|0|0|0|0|0|0|0|0|0|0|0|0|0|0|0||||||||
4|1|114|B|1|0|1|750|1|6|0|0|1|ESTRATO_1|1|0|0|0|0|0|0|0|0|0|0|0|0|0|0|0|0|0|0|0|0|0|0|0|0|0||||||||
4|1|115|B|1|0|1|750|1|6|0|0|1|ESTRATO_1|1|0|0|0|0|0|0|0|0|0|0|0|0|0|0|0|0|0|0|0|0|0|0|0|0|0||||||||
4|1|116|B|1|0|2|750|1|6|0|0|1|ESTRATO_1|1|0|0|0|0|0|0|0|0|0|0|0|0|0|0|0|0|0|0|0|0|0|0|0|0|0||||||||
4|1|117|B|1|0|1|750|1|6|0|0|1|ESTRATO_1|1|0|0|0|0|0|0|0|0|0|0|0|0|0|0|0|0|0|0|0|0|0|0|0|0|0||||||||
4|1|118|B|1|0|3|750|1|7|0|0|1|ESTRATO_1|1|0|0|0|0|0|0|0|0|0|0|0|0|0|0|0|0|0|0|0|0|0|0|0|0|0||||||||
4|1|119|B|1|0|3|750|1|7|0|0|1|ESTRATO_1|1|0|0|0|0|0|0|0|0|0|0|0|0|0|0|0|0|0|0|0|0|0|0|0|0|0||||||||
4|1|120|B|1|0|3|750|1|7|0|0|1|ESTRATO_1|1|0|0|0|0|0|0|0|0|0|0|0|0|0|0|0|0|0|0|0|0|0|0|0|0|0||||||||
4|1|121|B|1|0|3|750|1|7|0|0|1|ESTRATO_1|1|0|0|0|0|0|0|0|0|0|0|0|0|0|0|0|0|0|0|0|0|0|0|0|0|0||||||||
4|1|122|B|1|0|3|750|1|7|0|0|1|ESTRATO_1|1|0|0|0|0|0|0|0|0|0|0|0|0|0|0|0|0|0|0|0|0|0|0|0|0|0||||||||
4|1|123|B|1|0|3|750|1|7|0|0|1|ESTRATO_1|1|0|0|0|0|0|0|0|0|0|0|0|0|0|0|0|0|0|0|0|0|0|0|0|0|0||||||||
4|1|124|B|1|0|2|750|1|2|0|0|1|ESTRATO_1|1|0|0|0|0|0|0|0|0|0|0|0|0|0|0|0|0|0|0|0|0|0|0|0|0|0||||||||
4|1|125|B|1|0|2|750|1|3|0|0|1|ESTRATO_1|1|0|0|0|0|0|0|0|0|0|0|0|0|0|0|0|0|0|0|0|0|0|0|0|0|0||||||||
4|1|126|B|1|0|1|750|1|3|0|0|1|ESTRATO_1|1|0|0|0|0|0|0|0|0|0|0|0|0|0|0|0|0|0|0|0|0|0|0|0|0|0||||||||
4|1|127|B|1|0|2|750|1|6|0|0|1|ESTRATO_1|1|0|0|0|0|0|0|0|0|0|0|0|0|0|0|0|0|0|0|0|0|0|0|0|0|0||||||||
4|1|128|B|1|0|3|750|1|2|0|0|1|ESTRATO_1|1|0|0|0|0|0|0|0|0|0|0|0|0|0|0|0|0|0|0|0|0|0|0|0|0|0||||||||
4|1|129|B|1|0|3|750|1|6|0|0|1|ESTRATO_1|1|0|0|0|0|0|0|0|0|0|0|0|0|0|0|0|0|0|0|0|0|0|0|0|0|0||||||||
4|1|130|B|1|0|3|750|1|6|0|0|1|ESTRATO_1|1|0|0|0|0|0|0|0|0|0|0|0|0|0|0|0|0|0|0|0|0|0|0|0|0|0||||||||
4|1|131|B|1|0|3|750|1|6|0|0|1|ESTRATO_1|1|0|0|0|0|0|0|0|0|0|0|0|0|0|0|0|0|0|0|0|0|0|0|0|0|0||||||||
4|1|132|B|1|0|3|750|1|6|0|0|1|ESTRATO_1|1|0|0|0|0|0|0|0|0|0|0|0|0|0|0|0|0|0|0|0|0|0|0|0|0|0||||||||
4|1|133|B|1|0|3|750|1|6|0|0|1|ESTRATO_1|1|0|0|0|0|0|0|0|0|0|0|0|0|0|0|0|0|0|0|0|0|0|0|0|0|0||||||||
4|1|134|B|1|0|3|750|1|6|0|0|1|ESTRATO_1|1|0|0|0|0|0|0|0|0|0|0|0|0|0|0|0|0|0|0|0|0|0|0|0|0|0||||||||
4|1|135|B|1|0|3|750|1|6|0|0|1|ESTRATO_1|1|0|0|0|0|0|0|0|0|0|0|0|0|0|0|0|0|0|0|0|0|0|0|0|0|0||||||||
4|1|136|B|1|0|3|750|1|6|0|0|1|ESTRATO_1|1|0|0|0|0|0|0|0|0|0|0|0|0|0|0|0|0|0|0|0|0|0|0|0|0|0||||||||
4|1|137|B|1|0|3|750|1|6|0|0|1|ESTRATO_1|1|0|0|0|0|0|0|0|0|0|0|0|0|0|0|0|0|0|0|0|0|0|0|0|0|0||||||||
4|1|138|B|1|0|3|750|1|6|0|0|1|ESTRATO_1|1|0|0|0|0|0|0|0|0|0|0|0|0|0|0|0|0|0|0|0|0|0|0|0|0|0||||||||
4|1|139|B|1|0|2|750|1|6|0|0|1|ESTRATO_1|1|0|0|0|0|0|0|0|0|0|0|0|0|0|0|0|0|0|0|0|0|0|0|0|0|0||||||||
4|1|140|B|1|0|2|750|1|6|0|0|1|ESTRATO_1|1|0|0|0|0|0|0|0|0|0|0|0|0|0|0|0|0|0|0|0|0|0|0|0|0|0||||||||
4|1|141|B|1|0|1|750|1|6|0|0|1|ESTRATO_1|1|0|0|0|0|0|0|0|0|0|0|0|0|0|0|0|0|0|0|0|0|0|0|0|0|0||||||||
4|1|142|B|1|0|3|750|1|6|0|0|1|ESTRATO_1|1|0|0|0|0|0|0|0|0|0|0|0|0|0|0|0|0|0|0|0|0|0|0|0|0|0||||||||
4|1|143|B|1|0|3|750|1|6|0|0|1|ESTRATO_1|1|0|0|0|0|0|0|0|0|0|0|0|0|0|0|0|0|0|0|0|0|0|0|0|0|0||||||||
4|1|144|B|1|0|3|750|1|6|0|0|1|ESTRATO_1|1|0|0|0|0|0|0|0|0|0|0|0|0|0|0|0|0|0|0|0|0|0|0|0|0|0||||||||
4|1|145|B|1|0|3|750|1|6|0|0|1|ESTRATO_1|1|0|0|0|0|0|0|0|0|0|0|0|0|0|0|0|0|0|0|0|0|0|0|0|0|0||||||||
4|1|146|B|1|0|3|750|1|6|0|0|1|ESTRATO_1|1|0|0|0|0|0|0|0|0|0|0|0|0|0|0|0|0|0|0|0|0|0|0|0|0|0||||||||
4|1|147|B|1|0|2|750|2|17|0|0|1|ESTRATO_1|1|0|0|0|0|0|0|0|0|0|0|0|0|0|0|0|0|0|0|0|0|0|0|0|0|0||||||||
4|1|148|B|1|0|1|750|2|17|0|0|1|ESTRATO_1|1|0|0|0|0|0|0|0|0|0|0|0|0|0|0|0|0|0|0|0|0|0|0|0|0|0||||||||
4|1|149|B|1|0|1|750|2|17|0|0|1|ESTRATO_1|1|0|0|0|0|0|0|0|0|0|0|0|0|0|0|0|0|0|0|0|0|0|0|0|0|0||||||||
4|1|150|B|1|0|1|750|2|17|0|0|1|ESTRATO_1|1|0|0|0|0|0|0|0|0|0|0|0|0|0|0|0|0|0|0|0|0|0|0|0|0|0||||||||
4|1|151|B|1|0|1|750|2|17|0|0|1|ESTRATO_1|1|0|0|0|0|0|0|0|0|0|0|0|0|0|0|0|0|0|0|0|0|0|0|0|0|0||||||||
4|1|152|B|1|0|2|750|2|17|0|0|1|ESTRATO_1|1|0|0|0|0|0|0|0|0|0|0|0|0|0|0|0|0|0|0|0|0|0|0|0|0|0||||||||
4|1|153|B|1|0|2|750|2|17|0|0|1|ESTRATO_1|1|0|0|0|0|0|0|0|0|0|0|0|0|0|0|0|0|0|0|0|0|0|0|0|0|0||||||||
4|1|154|B|1|0|1|750|2|17|0|0|1|ESTRATO_1|1|0|0|0|0|0|0|0|0|0|0|0|0|0|0|0|0|0|0|0|0|0|0|0|0|0||||||||
4|1|155|B|1|0|1|750|2|17|0|0|1|ESTRATO_1|1|0|0|0|0|0|0|0|0|0|0|0|0|0|0|0|0|0|0|0|0|0|0|0|0|0||||||||
4|1|156|B|1|0|1|750|2|17|0|0|1|ESTRATO_1|1|0|0|0|0|0|0|0|0|0|0|0|0|0|0|0|0|0|0|0|0|0|0|0|0|0||||||||
4|1|157|B|1|0|3|750|2|19|0|0|1|ESTRATO_1|1|0|0|0|0|0|0|0|0|0|0|0|0|0|0|0|0|0|0|0|0|0|0|0|0|0||||||||
4|1|158|B|1|0|3|750|2|19|0|0|1|ESTRATO_1|1|0|0|0|0|0|0|0|0|0|0|0|0|0|0|0|0|0|0|0|0|0|0|0|0|0||||||||
4|1|159|B|1|0|1|750|2|17|0|0|1|ESTRATO_1|1|0|0|0|0|0|0|0|0|0|0|0|0|0|0|0|0|0|0|0|0|0|0|0|0|0||||||||
4|1|160|B|1|0|2|750|2|17|0|0|1|ESTRATO_1|1|0|0|0|0|0|0|0|0|0|0|0|0|0|0|0|0|0|0|0|0|0|0|0|0|0||||||||
4|1|161|B|1|0|1|750|2|17|0|0|1|ESTRATO_1|1|0|0|0|0|0|0|0|0|0|0|0|0|0|0|0|0|0|0|0|0|0|0|0|0|0||||||||
4|1|162|B|1|0|1|750|2|17|0|0|1|ESTRATO_1|1|0|0|0|0|0|0|0|0|0|0|0|0|0|0|0|0|0|0|0|0|0|0|0|0|0||||||||
4|1|163|B|1|0|1|750|2|17|0|0|1|ESTRATO_1|1|0|0|0|0|0|0|0|0|0|0|0|0|0|0|0|0|0|0|0|0|0|0|0|0|0||||||||
4|1|164|B|1|0|1|750|2|17|0|0|1|ESTRATO_1|1|0|0|0|0|0|0|0|0|0|0|0|0|0|0|0|0|0|0|0|0|0|0|0|0|0||||||||
4|1|165|B|1|0|3|750|2|19|0|0|1|ESTRATO_1|1|0|0|0|0|0|0|0|0|0|0|0|0|0|0|0|0|0|0|0|0|0|0|0|0|0||||||||
4|1|166|B|1|0|1|750|2|19|0|0|1|ESTRATO_1|1|0|0|0|0|0|0|0|0|0|0|0|0|0|0|0|0|0|0|0|0|0|0|0|0|0||||||||
4|1|167|B|1|0|2|750|2|19|0|0|1|ESTRATO_1|1|0|0|0|0|0|0|0|0|0|0|0|0|0|0|0|0|0|0|0|0|0|0|0|0|0||||||||
4|1|168|B|1|0|1|750|2|19|0|0|1|ESTRATO_1|1|0|0|0|0|0|0|0|0|0|0|0|0|0|0|0|0|0|0|0|0|0|0|0|0|0||||||||
4|1|169|B|1|0|3|750|2|17|0|0|1|ESTRATO_1|1|0|0|0|0|0|0|0|0|0|0|0|0|0|0|0|0|0|0|0|0|0|0|0|0|0||||||||
4|1|170|B|1|0|3|750|2|19|0|0|1|ESTRATO_1|1|0|0|0|0|0|0|0|0|0|0|0|0|0|0|0|0|0|0|0|0|0|0|0|0|0||||||||
4|1|171|B|1|0|3|750|2|19|0|0|1|ESTRATO_1|1|0|0|0|0|0|0|0|0|0|0|0|0|0|0|0|0|0|0|0|0|0|0|0|0|0||||||||
4|1|172|B|1|0|3|750|2|17|0|0|1|ESTRATO_1|1|0|0|0|0|0|0|0|0|0|0|0|0|0|0|0|0|0|0|0|0|0|0|0|0|0||||||||
4|1|173|B|1|0|1|750|12|17|0|0|1|ESTRATO_1|1|0|0|0|0|0|0|0|0|0|0|0|0|0|0|0|0|0|0|0|0|0|0|0|0|0||||||||
4|1|174|B|1|0|2|750|12|17|0|0|1|ESTRATO_1|1|0|0|0|0|0|0|0|0|0|0|0|0|0|0|0|0|0|0|0|0|0|0|0|0|0||||||||
4|1|175|B|1|0|1|750|12|17|0|0|1|ESTRATO_1|1|0|0|0|0|0|0|0|0|0|0|0|0|0|0|0|0|0|0|0|0|0|0|0|0|0||||||||
4|1|176|B|1|0|2|750|12|17|0|0|1|ESTRATO_1|1|0|0|0|0|0|0|0|0|0|0|0|0|0|0|0|0|0|0|0|0|0|0|0|0|0||||||||
4|1|177|B|1|0|1|750|12|17|0|0|1|ESTRATO_1|1|0|0|0|0|0|0|0|0|0|0|0|0|0|0|0|0|0|0|0|0|0|0|0|0|0||||||||
4|1|178|B|1|0|3|750|2|19|0|0|1|ESTRATO_1|1|0|0|0|0|0|0|0|0|0|0|0|0|0|0|0|0|0|0|0|0|0|0|0|0|0||||||||
4|1|179|B|1|0|3|750|2|17|0|0|1|ESTRATO_1|1|0|0|0|0|0|0|0|0|0|0|0|0|0|0|0|0|0|0|0|0|0|0|0|0|0||||||||
4|1|180|B|1|0|2|750|12|17|0|0|1|ESTRATO_1|1|0|0|0|0|0|0|0|0|0|0|0|0|0|0|0|0|0|0|0|0|0|0|0|0|0||||||||
4|1|181|B|1|0|3|750|2|19|0|0|1|ESTRATO_1|1|0|0|0|0|0|0|0|0|0|0|0|0|0|0|0|0|0|0|0|0|0|0|0|0|0||||||||
4|1|182|B|1|0|3|750|2|19|0|0|1|ESTRATO_1|1|0|0|0|0|0|0|0|0|0|0|0|0|0|0|0|0|0|0|0|0|0|0|0|0|0||||||||
4|1|359|B|1|0|3|750|11|21|0|0|1|ESTRATO_1|1|0|0|0|0|0|0|0|0|0|0|0|0|0|0|0|0|0|0|0|0|0|0|0|0|0||||||||
4|1|360|B|1|0|3|750|11|21|0|0|1|ESTRATO_1|1|0|0|0|0|0|0|0|0|0|0|0|0|0|0|0|0|0|0|0|0|0|0|0|0|0||||||||
4|1|362|B|1|0|3|750|11|21|0|0|1|ESTRATO_1|1|0|0|0|0|0|0|0|0|0|0|0|0|0|0|0|0|0|0|0|0|0|0|0|0|0||||||||
4|1|363|B|1|0|2|750|5|19|0|0|1|ESTRATO_1|1|0|0|0|0|0|0|0|0|0|0|0|0|0|0|0|0|0|0|0|0|0|0|0|0|0||||||||
4|1|364|B|1|0|1|750|5|19|0|0|1|ESTRATO_1|1|0|0|0|0|0|0|0|0|0|0|0|0|0|0|0|0|0|0|0|0|0|0|0|0|0||||||||
4|1|365|B|1|0|1|750|5|19|0|0|1|ESTRATO_1|1|0|0|0|0|0|0|0|0|0|0|0|0|0|0|0|0|0|0|0|0|0|0|0|0|0||||||||
4|1|366|B|1|0|1|750|5|19|0|0|1|ESTRATO_1|1|0|0|0|0|0|0|0|0|0|0|0|0|0|0|0|0|0|0|0|0|0|0|0|0|0||||||||
4|1|367|B|1|0|2|750|5|19|0|0|1|ESTRATO_1|1|0|0|0|0|0|0|0|0|0|0|0|0|0|0|0|0|0|0|0|0|0|0|0|0|0||||||||
4|1|368|B|1|0|1|750|5|19|0|0|1|ESTRATO_1|1|0|0|0|0|0|0|0|0|0|0|0|0|0|0|0|0|0|0|0|0|0|0|0|0|0||||||||
4|1|369|B|1|0|3|750|5|19|0|0|1|ESTRATO_1|1|0|0|0|0|0|0|0|0|0|0|0|0|0|0|0|0|0|0|0|0|0|0|0|0|0||||||||
4|1|370|B|1|0|3|750|5|19|0|0|1|ESTRATO_1|1|0|0|0|0|0|0|0|0|0|0|0|0|0|0|0|0|0|0|0|0|0|0|0|0|0||||||||
4|1|371|B|1|0|3|750|5|19|0|0|1|ESTRATO_1|1|0|0|0|0|0|0|0|0|0|0|0|0|0|0|0|0|0|0|0|0|0|0|0|0|0||||||||
4|1|372|B|1|0|3|750|5|19|0|0|1|ESTRATO_1|1|0|0|0|0|0|0|0|0|0|0|0|0|0|0|0|0|0|0|0|0|0|0|0|0|0||||||||
4|1|373|B|1|0|3|750|5|19|0|0|1|ESTRATO_1|1|0|0|0|0|0|0|0|0|0|0|0|0|0|0|0|0|0|0|0|0|0|0|0|0|0||||||||
4|1|374|B|1|0|3|750|5|19|0|0|1|ESTRATO_1|1|0|0|0|0|0|0|0|0|0|0|0|0|0|0|0|0|0|0|0|0|0|0|0|0|0||||||||
4|1|375|B|1|0|1|750|5|19|0|0|1|ESTRATO_1|1|0|0|0|0|0|0|0|0|0|0|0|0|0|0|0|0|0|0|0|0|0|0|0|0|0||||||||
4|1|376|B|1|0|2|750|5|19|0|0|1|ESTRATO_1|1|0|0|0|0|0|0|0|0|0|0|0|0|0|0|0|0|0|0|0|0|0|0|0|0|0||||||||
4|1|377|B|1|0|1|750|5|19|0|0|1|ESTRATO_1|1|0|0|0|0|0|0|0|0|0|0|0|0|0|0|0|0|0|0|0|0|0|0|0|0|0||||||||
4|1|378|B|1|0|1|750|5|19|0|0|1|ESTRATO_1|1|0|0|0|0|0|0|0|0|0|0|0|0|0|0|0|0|0|0|0|0|0|0|0|0|0||||||||
4|1|379|B|1|0|2|750|5|19|0|0|1|ESTRATO_1|1|0|0|0|0|0|0|0|0|0|0|0|0|0|0|0|0|0|0|0|0|0|0|0|0|0||||||||
4|1|380|B|1|0|3|750|5|19|0|0|1|ESTRATO_1|1|0|0|0|0|0|0|0|0|0|0|0|0|0|0|0|0|0|0|0|0|0|0|0|0|0||||||||
4|1|381|B|1|0|2|750|6|18|0|0|1|ESTRATO_1|1|0|0|0|0|0|0|0|0|0|0|0|0|0|0|0|0|0|0|0|0|0|0|0|0|0||||||||
4|1|382|B|1|0|2|750|6|18|0|0|1|ESTRATO_1|1|0|0|0|0|0|0|0|0|0|0|0|0|0|0|0|0|0|0|0|0|0|0|0|0|0||||||||
4|1|383|B|1|0|1|750|6|18|0|0|1|ESTRATO_1|1|0|0|0|0|0|0|0|0|0|0|0|0|0|0|0|0|0|0|0|0|0|0|0|0|0||||||||
4|1|384|B|1|0|1|750|6|18|0|0|1|ESTRATO_1|1|0|0|0|0|0|0|0|0|0|0|0|0|0|0|0|0|0|0|0|0|0|0|0|0|0||||||||
4|1|385|B|1|0|3|750|6|18|0|0|1|ESTRATO_1|1|0|0|0|0|0|0|0|0|0|0|0|0|0|0|0|0|0|0|0|0|0|0|0|0|0||||||||
4|1|386|B|1|0|3|750|6|18|0|0|1|ESTRATO_1|1|0|0|0|0|0|0|0|0|0|0|0|0|0|0|0|0|0|0|0|0|0|0|0|0|0||||||||
4|1|387|B|1|0|3|750|6|18|0|0|1|ESTRATO_1|1|0|0|0|0|0|0|0|0|0|0|0|0|0|0|0|0|0|0|0|0|0|0|0|0|0||||||||
4|1|388|B|1|0|1|750|6|18|0|0|1|ESTRATO_1|1|0|0|0|0|0|0|0|0|0|0|0|0|0|0|0|0|0|0|0|0|0|0|0|0|0||||||||
4|1|389|B|1|0|2|750|6|18|0|0|1|ESTRATO_1|1|0|0|0|0|0|0|0|0|0|0|0|0|0|0|0|0|0|0|0|0|0|0|0|0|0||||||||
4|1|390|B|1|0|3|750|6|18|0|0|1|ESTRATO_1|1|0|0|0|0|0|0|0|0|0|0|0|0|0|0|0|0|0|0|0|0|0|0|0|0|0||||||||
4|1|391|B|1|0|3|750|6|18|0|0|1|ESTRATO_1|1|0|0|0|0|0|0|0|0|0|0|0|0|0|0|0|0|0|0|0|0|0|0|0|0|0||||||||
4|1|392|B|1|0|3|750|6|18|0|0|1|ESTRATO_1|1|0|0|0|0|0|0|0|0|0|0|0|0|0|0|0|0|0|0|0|0|0|0|0|0|0||||||||
4|1|393|B|1|0|3|750|6|18|0|0|1|ESTRATO_1|1|0|0|0|0|0|0|0|0|0|0|0|0|0|0|0|0|0|0|0|0|0|0|0|0|0||||||||
4|1|394|B|1|0|3|750|6|18|0|0|1|ESTRATO_1|1|0|0|0|0|0|0|0|0|0|0|0|0|0|0|0|0|0|0|0|0|0|0|0|0|0||||||||
4|1|395|B|1|0|3|750|6|18|0|0|1|ESTRATO_1|1|0|0|0|0|0|0|0|0|0|0|0|0|0|0|0|0|0|0|0|0|0|0|0|0|0||||||||
4|1|396|B|1|0|3|750|6|18|0|0|1|ESTRATO_1|1|0|0|0|0|0|0|0|0|0|0|0|0|0|0|0|0|0|0|0|0|0|0|0|0|0||||||||
4|1|397|B|1|0|3|750|6|18|0|0|1|ESTRATO_1|1|0|0|0|0|0|0|0|0|0|0|0|0|0|0|0|0|0|0|0|0|0|0|0|0|0||||||||
4|1|398|B|1|0|3|750|6|18|0|0|1|ESTRATO_1|1|0|0|0|0|0|0|0|0|0|0|0|0|0|0|0|0|0|0|0|0|0|0|0|0|0||||||||
4|1|399|B|1|0|3|750|6|18|0|0|1|ESTRATO_1|1|0|0|0|0|0|0|0|0|0|0|0|0|0|0|0|0|0|0|0|0|0|0|0|0|0||||||||
4|1|400|B|1|0|2|750|6|18|0|0|1|ESTRATO_1|1|0|0|0|0|0|0|0|0|0|0|0|0|0|0|0|0|0|0|0|0|0|0|0|0|0||||||||
4|1|401|B|1|0|1|750|6|18|0|0|1|ESTRATO_1|1|0|0|0|0|0|0|0|0|0|0|0|0|0|0|0|0|0|0|0|0|0|0|0|0|0||||||||
4|1|402|B|1|0|3|750|6|18|0|0|1|ESTRATO_1|1|0|0|0|0|0|0|0|0|0|0|0|0|0|0|0|0|0|0|0|0|0|0|0|0|0||||||||
4|1|403|B|1|0|2|750|6|18|0|0|1|ESTRATO_1|1|0|0|0|0|0|0|0|0|0|0|0|0|0|0|0|0|0|0|0|0|0|0|0|0|0||||||||
4|1|404|B|1|0|2|750|6|18|0|0|1|ESTRATO_1|1|0|0|0|0|0|0|0|0|0|0|0|0|0|0|0|0|0|0|0|0|0|0|0|0|0||||||||
4|1|405|B|1|0|3|750|6|18|0|0|1|ESTRATO_1|1|0|0|0|0|0|0|0|0|0|0|0|0|0|0|0|0|0|0|0|0|0|0|0|0|0||||||||
4|1|406|B|1|0|3|750|6|18|0|0|1|ESTRATO_1|1|0|0|0|0|0|0|0|0|0|0|0|0|0|0|0|0|0|0|0|0|0|0|0|0|0||||||||
4|1|407|B|1|0|3|750|6|18|0|0|1|ESTRATO_1|1|0|0|0|0|0|0|0|0|0|0|0|0|0|0|0|0|0|0|0|0|0|0|0|0|0||||||||
4|1|408|B|1|0|3|750|6|18|0|0|1|ESTRATO_1|1|0|0|0|0|0|0|0|0|0|0|0|0|0|0|0|0|0|0|0|0|0|0|0|0|0||||||||
4|1|409|B|1|0|3|750|6|18|0|0|1|ESTRATO_1|1|0|0|0|0|0|0|0|0|0|0|0|0|0|0|0|0|0|0|0|0|0|0|0|0|0||||||||
4|1|410|B|1|0|3|750|6|18|0|0|1|ESTRATO_1|1|0|0|0|0|0|0|0|0|0|0|0|0|0|0|0|0|0|0|0|0|0|0|0|0|0||||||||
4|1|411|B|1|0|3|750|6|18|0|0|1|ESTRATO_1|1|0|0|0|0|0|0|0|0|0|0|0|0|0|0|0|0|0|0|0|0|0|0|0|0|0||||||||
4|1|412|B|1|0|3|750|6|18|0|0|1|ESTRATO_1|1|0|0|0|0|0|0|0|0|0|0|0|0|0|0|0|0|0|0|0|0|0|0|0|0|0||||||||
4|1|413|B|1|0|3|750|11|21|0|0|1|ESTRATO_1|1|0|0|0|0|0|0|0|0|0|0|0|0|0|0|0|0|0|0|0|0|0|0|0|0|0||||||||
4|1|414|B|1|0|3|750|11|21|0|0|1|ESTRATO_1|1|0|0|0|0|0|0|0|0|0|0|0|0|0|0|0|0|0|0|0|0|0|0|0|0|0||||||||
4|1|415|B|1|0|3|750|11|21|0|0|1|ESTRATO_1|1|0|0|0|0|0|0|0|0|0|0|0|0|0|0|0|0|0|0|0|0|0|0|0|0|0||||||||
4|1|416|B|1|0|3|750|11|21|0|0|1|ESTRATO_1|1|0|0|0|0|0|0|0|0|0|0|0|0|0|0|0|0|0|0|0|0|0|0|0|0|0||||||||
4|1|417|B|1|0|2|750|11|21|0|0|1|ESTRATO_1|1|0|0|0|0|0|0|0|0|0|0|0|0|0|0|0|0|0|0|0|0|0|0|0|0|0||||||||
4|1|418|B|1|0|3|750|11|21|0|0|1|ESTRATO_1|1|0|0|0|0|0|0|0|0|0|0|0|0|0|0|0|0|0|0|0|0|0|0|0|0|0||||||||
4|1|419|B|1|0|3|750|11|21|0|0|1|ESTRATO_1|1|0|0|0|0|0|0|0|0|0|0|0|0|0|0|0|0|0|0|0|0|0|0|0|0|0||||||||
4|1|420|B|1|0|3|750|11|21|0|0|1|ESTRATO_1|1|0|0|0|0|0|0|0|0|0|0|0|0|0|0|0|0|0|0|0|0|0|0|0|0|0||||||||
4|1|421|B|1|0|3|750|11|21|0|0|1|ESTRATO_1|1|0|0|0|0|0|0|0|0|0|0|0|0|0|0|0|0|0|0|0|0|0|0|0|0|0||||||||
4|1|422|B|1|0|3|750|11|21|0|0|1|ESTRATO_1|1|0|0|0|0|0|0|0|0|0|0|0|0|0|0|0|0|0|0|0|0|0|0|0|0|0||||||||
4|1|423|B|1|0|3|750|11|21|0|0|1|ESTRATO_1|1|0|0|0|0|0|0|0|0|0|0|0|0|0|0|0|0|0|0|0|0|0|0|0|0|0||||||||
4|1|424|B|1|0|3|750|11|21|0|0|1|ESTRATO_1|1|0|0|0|0|0|0|0|0|0|0|0|0|0|0|0|0|0|0|0|0|0|0|0|0|0||||||||
4|1|425|B|1|0|3|750|11|21|0|0|1|ESTRATO_1|1|0|0|0|0|0|0|0|0|0|0|0|0|0|0|0|0|0|0|0|0|0|0|0|0|0||||||||
4|1|426|B|1|0|3|750|11|21|0|0|1|ESTRATO_1|1|0|0|0|0|0|0|0|0|0|0|0|0|0|0|0|0|0|0|0|0|0|0|0|0|0||||||||
4|1|427|B|1|0|3|750|11|21|0|0|1|ESTRATO_1|1|0|0|0|0|0|0|0|0|0|0|0|0|0|0|0|0|0|0|0|0|0|0|0|0|0||||||||
4|1|440|B|1|0|2|750|8|7|0|0|1|ESTRATO_1|1|0|0|0|0|0|0|0|0|0|0|0|0|0|0|0|0|0|0|0|0|0|0|0|0|0||||||||
4|1|441|B|1|0|1|750|8|7|0|0|1|ESTRATO_1|1|0|0|0|0|0|0|0|0|0|0|0|0|0|0|0|0|0|0|0|0|0|0|0|0|0||||||||
4|1|442|B|1|0|1|750|8|7|0|0|1|ESTRATO_1|1|0|0|0|0|0|0|0|0|0|0|0|0|0|0|0|0|0|0|0|0|0|0|0|0|0||||||||
4|1|443|B|1|0|2|750|8|7|0|0|1|ESTRATO_1|1|0|0|0|0|0|0|0|0|0|0|0|0|0|0|0|0|0|0|0|0|0|0|0|0|0||||||||
4|1|444|B|1|0|3|750|8|7|0|0|1|ESTRATO_1|1|0|0|0|0|0|0|0|0|0|0|0|0|0|0|0|0|0|0|0|0|0|0|0|0|0||||||||
4|1|445|B|1|0|3|750|8|7|0|0|1|ESTRATO_1|1|0|0|0|0|0|0|0|0|0|0|0|0|0|0|0|0|0|0|0|0|0|0|0|0|0||||||||
4|1|446|B|1|0|3|750|8|7|0|0|1|ESTRATO_1|1|0|0|0|0|0|0|0|0|0|0|0|0|0|0|0|0|0|0|0|0|0|0|0|0|0||||||||
4|1|447|B|1|0|3|750|8|7|0|0|1|ESTRATO_1|1|0|0|0|0|0|0|0|0|0|0|0|0|0|0|0|0|0|0|0|0|0|0|0|0|0||||||||
4|2|183|B|1|0|1|750|3|10|0|0|2|ESTRATO_2|1|0|0|0|0|0|0|0|0|0|0|0|0|0|0|0|0|0|0|0|0|0|0|0|0|0||||||||
4|2|184|B|1|0|1|750|3|10|0|0|2|ESTRATO_2|1|0|0|0|0|0|0|0|0|0|0|0|0|0|0|0|0|0|0|0|0|0|0|0|0|0||||||||
4|2|185|B|1|0|1|750|3|10|0|0|2|ESTRATO_2|1|0|0|0|0|0|0|0|0|0|0|0|0|0|0|0|0|0|0|0|0|0|0|0|0|0||||||||
4|2|186|B|1|0|1|750|3|10|0|0|2|ESTRATO_2|1|0|0|0|0|0|0|0|0|0|0|0|0|0|0|0|0|0|0|0|0|0|0|0|0|0||||||||
4|2|187|B|1|0|1|750|3|9|0|0|2|ESTRATO_2|1|0|0|0|0|0|0|0|0|0|0|0|0|0|0|0|0|0|0|0|0|0|0|0|0|0||||||||
4|2|188|B|1|0|1|750|3|9|0|0|2|ESTRATO_2|1|0|0|0|0|0|0|0|0|0|0|0|0|0|0|0|0|0|0|0|0|0|0|0|0|0||||||||
4|2|189|B|1|0|1|750|3|9|0|0|2|ESTRATO_2|1|0|0|0|0|0|0|0|0|0|0|0|0|0|0|0|0|0|0|0|0|0|0|0|0|0||||||||
4|2|190|B|1|0|1|750|3|9|0|0|2|ESTRATO_2|1|0|0|0|0|0|0|0|0|0|0|0|0|0|0|0|0|0|0|0|0|0|0|0|0|0||||||||
4|2|191|B|1|0|1|750|3|10|0|0|2|ESTRATO_2|1|0|0|0|0|0|0|0|0|0|0|0|0|0|0|0|0|0|0|0|0|0|0|0|0|0||||||||
4|2|192|B|1|0|1|750|3|10|0|0|2|ESTRATO_2|1|0|0|0|0|0|0|0|0|0|0|0|0|0|0|0|0|0|0|0|0|0|0|0|0|0||||||||
4|2|193|B|1|0|1|750|3|10|0|0|2|ESTRATO_2|1|0|0|0|0|0|0|0|0|0|0|0|0|0|0|0|0|0|0|0|0|0|0|0|0|0||||||||
4|2|194|B|1|0|1|750|3|9|0|0|2|ESTRATO_2|1|0|0|0|0|0|0|0|0|0|0|0|0|0|0|0|0|0|0|0|0|0|0|0|0|0||||||||
4|2|195|B|1|0|1|750|3|9|0|0|2|ESTRATO_2|1|0|0|0|0|0|0|0|0|0|0|0|0|0|0|0|0|0|0|0|0|0|0|0|0|0||||||||
4|2|196|B|1|0|1|750|3|9|0|0|2|ESTRATO_2|1|0|0|0|0|0|0|0|0|0|0|0|0|0|0|0|0|0|0|0|0|0|0|0|0|0||||||||
4|2|197|B|1|0|1|750|3|9|0|0|2|ESTRATO_2|1|0|0|0|0|0|0|0|0|0|0|0|0|0|0|0|0|0|0|0|0|0|0|0|0|0||||||||
4|2|198|B|1|0|1|750|3|20|0|0|2|ESTRATO_2|1|0|0|0|0|0|0|0|0|0|0|0|0|0|0|0|0|0|0|0|0|0|0|0|0|0||||||||
4|2|199|B|1|0|1|750|3|20|0|0|2|ESTRATO_2|1|0|0|0|0|0|0|0|0|0|0|0|0|0|0|0|0|0|0|0|0|0|0|0|0|0||||||||
4|2|200|B|1|0|1|750|3|20|0|0|2|ESTRATO_2|1|0|0|0|0|0|0|0|0|0|0|0|0|0|0|0|0|0|0|0|0|0|0|0|0|0||||||||
4|2|201|B|1|0|1|750|3|9|0|0|2|ESTRATO_2|1|0|0|0|0|0|0|0|0|0|0|0|0|0|0|0|0|0|0|0|0|0|0|0|0|0||||||||
4|2|202|B|1|0|1|750|3|9|0|0|2|ESTRATO_2|1|0|0|0|0|0|0|0|0|0|0|0|0|0|0|0|0|0|0|0|0|0|0|0|0|0||||||||
4|2|203|B|1|0|1|750|3|9|0|0|2|ESTRATO_2|1|0|0|0|0|0|0|0|0|0|0|0|0|0|0|0|0|0|0|0|0|0|0|0|0|0||||||||
4|2|204|B|1|0|1|750|3|9|0|0|2|ESTRATO_2|1|0|0|0|0|0|0|0|0|0|0|0|0|0|0|0|0|0|0|0|0|0|0|0|0|0||||||||
4|2|205|B|1|0|1|750|3|8|0|0|2|ESTRATO_2|1|0|0|0|0|0|0|0|0|0|0|0|0|0|0|0|0|0|0|0|0|0|0|0|0|0||||||||
4|2|206|B|1|0|1|750|3|10|0|0|2|ESTRATO_2|1|0|0|0|0|0|0|0|0|0|0|0|0|0|0|0|0|0|0|0|0|0|0|0|0|0||||||||
4|2|207|B|1|0|1|750|3|9|0|0|2|ESTRATO_2|1|0|0|0|0|0|0|0|0|0|0|0|0|0|0|0|0|0|0|0|0|0|0|0|0|0||||||||
4|2|208|B|1|0|1|750|3|9|0|0|2|ESTRATO_2|1|0|0|0|0|0|0|0|0|0|0|0|0|0|0|0|0|0|0|0|0|0|0|0|0|0||||||||
4|2|209|B|1|0|1|750|3|9|0|0|2|ESTRATO_2|1|0|0|0|0|0|0|0|0|0|0|0|0|0|0|0|0|0|0|0|0|0|0|0|0|0||||||||
4|2|210|B|1|0|1|750|3|9|0|0|2|ESTRATO_2|1|0|0|0|0|0|0|0|0|0|0|0|0|0|0|0|0|0|0|0|0|0|0|0|0|0||||||||
4|2|211|B|1|0|1|750|3|20|0|0|2|ESTRATO_2|1|0|0|0|0|0|0|0|0|0|0|0|0|0|0|0|0|0|0|0|0|0|0|0|0|0||||||||
4|2|212|B|1|0|1|750|3|9|0|0|2|ESTRATO_2|1|0|0|0|0|0|0|0|0|0|0|0|0|0|0|0|0|0|0|0|0|0|0|0|0|0||||||||
4|2|213|B|1|0|1|750|3|9|0|0|2|ESTRATO_2|1|0|0|0|0|0|0|0|0|0|0|0|0|0|0|0|0|0|0|0|0|0|0|0|0|0||||||||
4|2|214|B|1|0|1|750|3|20|0|0|2|ESTRATO_2|1|0|0|0|0|0|0|0|0|0|0|0|0|0|0|0|0|0|0|0|0|0|0|0|0|0||||||||
4|2|215|B|1|0|1|750|3|20|0|0|2|ESTRATO_2|1|0|0|0|0|0|0|0|0|0|0|0|0|0|0|0|0|0|0|0|0|0|0|0|0|0||||||||
4|2|216|B|1|0|1|750|3|20|0|0|2|ESTRATO_2|1|0|0|0|0|0|0|0|0|0|0|0|0|0|0|0|0|0|0|0|0|0|0|0|0|0||||||||
4|2|217|B|1|0|1|750|3|9|0|0|2|ESTRATO_2|1|0|0|0|0|0|0|0|0|0|0|0|0|0|0|0|0|0|0|0|0|0|0|0|0|0||||||||
4|2|218|B|1|0|1|750|3|9|0|0|2|ESTRATO_2|1|0|0|0|0|0|0|0|0|0|0|0|0|0|0|0|0|0|0|0|0|0|0|0|0|0||||||||
4|2|219|B|1|0|1|750|3|9|0|0|2|ESTRATO_2|1|0|0|0|0|0|0|0|0|0|0|0|0|0|0|0|0|0|0|0|0|0|0|0|0|0||||||||
4|2|220|B|1|0|1|750|3|8|0|0|2|ESTRATO_2|1|0|0|0|0|0|0|0|0|0|0|0|0|0|0|0|0|0|0|0|0|0|0|0|0|0||||||||
4|2|221|B|1|0|1|750|3|20|0|0|2|ESTRATO_2|1|0|0|0|0|0|0|0|0|0|0|0|0|0|0|0|0|0|0|0|0|0|0|0|0|0||||||||
4|2|222|B|1|0|1|750|3|20|0|0|2|ESTRATO_2|1|0|0|0|0|0|0|0|0|0|0|0|0|0|0|0|0|0|0|0|0|0|0|0|0|0||||||||
4|2|223|B|1|0|1|750|3|20|0|0|2|ESTRATO_2|1|0|0|0|0|0|0|0|0|0|0|0|0|0|0|0|0|0|0|0|0|0|0|0|0|0||||||||
4|2|224|B|1|0|1|750|3|20|0|0|2|ESTRATO_2|1|0|0|0|0|0|0|0|0|0|0|0|0|0|0|0|0|0|0|0|0|0|0|0|0|0||||||||
4|2|225|B|1|0|1|750|3|20|0|0|2|ESTRATO_2|1|0|0|0|0|0|0|0|0|0|0|0|0|0|0|0|0|0|0|0|0|0|0|0|0|0||||||||
4|2|226|B|1|0|1|750|3|9|0|0|2|ESTRATO_2|1|0|0|0|0|0|0|0|0|0|0|0|0|0|0|0|0|0|0|0|0|0|0|0|0|0||||||||
4|2|227|B|1|0|1|750|3|9|0|0|2|ESTRATO_2|1|0|0|0|0|0|0|0|0|0|0|0|0|0|0|0|0|0|0|0|0|0|0|0|0|0||||||||
4|2|228|B|1|0|1|750|3|9|0|0|2|ESTRATO_2|1|0|0|0|0|0|0|0|0|0|0|0|0|0|0|0|0|0|0|0|0|0|0|0|0|0||||||||
4|2|230|B|1|0|1|750|3|11|0|0|2|ESTRATO_2|1|0|0|0|0|0|0|0|0|0|0|0|0|0|0|0|0|0|0|0|0|0|0|0|0|0||||||||
4|2|231|B|1|0|1|750|3|10|0|0|2|ESTRATO_2|1|0|0|0|0|0|0|0|0|0|0|0|0|0|0|0|0|0|0|0|0|0|0|0|0|0||||||||
4|2|232|B|1|0|1|750|3|8|0|0|2|ESTRATO_2|1|0|0|0|0|0|0|0|0|0|0|0|0|0|0|0|0|0|0|0|0|0|0|0|0|0||||||||
4|2|233|B|1|0|1|750|3|8|0|0|2|ESTRATO_2|1|0|0|0|0|0|0|0|0|0|0|0|0|0|0|0|0|0|0|0|0|0|0|0|0|0||||||||
4|2|234|B|1|0|1|750|3|8|0|0|2|ESTRATO_2|1|0|0|0|0|0|0|0|0|0|0|0|0|0|0|0|0|0|0|0|0|0|0|0|0|0||||||||
4|2|235|B|1|0|1|750|3|8|0|0|2|ESTRATO_2|1|0|0|0|0|0|0|0|0|0|0|0|0|0|0|0|0|0|0|0|0|0|0|0|0|0||||||||
4|2|236|B|1|0|1|750|3|8|0|0|2|ESTRATO_2|1|0|0|0|0|0|0|0|0|0|0|0|0|0|0|0|0|0|0|0|0|0|0|0|0|0||||||||
4|2|237|B|1|0|1|750|3|8|0|0|2|ESTRATO_2|1|0|0|0|0|0|0|0|0|0|0|0|0|0|0|0|0|0|0|0|0|0|0|0|0|0||||||||
4|2|239|B|1|0|1|750|3|20|0|0|2|ESTRATO_2|1|0|0|0|0|0|0|0|0|0|0|0|0|0|0|0|0|0|0|0|0|0|0|0|0|0||||||||
4|2|240|B|1|0|1|750|3|8|0|0|2|ESTRATO_2|1|0|0|0|0|0|0|0|0|0|0|0|0|0|0|0|0|0|0|0|0|0|0|0|0|0||||||||
4|2|241|B|1|0|1|750|3|8|0|0|2|ESTRATO_2|1|0|0|0|0|0|0|0|0|0|0|0|0|0|0|0|0|0|0|0|0|0|0|0|0|0||||||||
4|2|242|B|1|0|1|750|3|8|0|0|2|ESTRATO_2|1|0|0|0|0|0|0|0|0|0|0|0|0|0|0|0|0|0|0|0|0|0|0|0|0|0||||||||
4|2|243|B|1|0|1|750|3|8|0|0|2|ESTRATO_2|1|0|0|0|0|0|0|0|0|0|0|0|0|0|0|0|0|0|0|0|0|0|0|0|0|0||||||||
4|2|244|B|1|0|1|750|3|11|0|0|2|ESTRATO_2|1|0|0|0|0|0|0|0|0|0|0|0|0|0|0|0|0|0|0|0|0|0|0|0|0|0||||||||
4|2|245|B|1|0|1|750|3|8|0|0|2|ESTRATO_2|1|0|0|0|0|0|0|0|0|0|0|0|0|0|0|0|0|0|0|0|0|0|0|0|0|0||||||||
4|2|246|B|1|0|1|750|3|8|0|0|2|ESTRATO_2|1|0|0|0|0|0|0|0|0|0|0|0|0|0|0|0|0|0|0|0|0|0|0|0|0|0||||||||
4|2|247|B|1|0|1|750|3|8|0|0|2|ESTRATO_2|1|0|0|0|0|0|0|0|0|0|0|0|0|0|0|0|0|0|0|0|0|0|0|0|0|0||||||||
4|2|248|B|1|0|1|750|3|8|0|0|2|ESTRATO_2|1|0|0|0|0|0|0|0|0|0|0|0|0|0|0|0|0|0|0|0|0|0|0|0|0|0||||||||
4|2|249|B|1|0|1|750|3|8|0|0|2|ESTRATO_2|1|0|0|0|0|0|0|0|0|0|0|0|0|0|0|0|0|0|0|0|0|0|0|0|0|0||||||||
4|2|250|B|1|0|2|750|3|12|0|0|2|ESTRATO_2|1|0|0|0|0|0|0|0|0|0|0|0|0|0|0|0|0|0|0|0|0|0|0|0|0|0||||||||
4|2|251|B|1|0|1|750|3|12|0|0|2|ESTRATO_2|1|0|0|0|0|0|0|0|0|0|0|0|0|0|0|0|0|0|0|0|0|0|0|0|0|0||||||||
4|2|252|B|1|0|1|750|3|12|0|0|2|ESTRATO_2|1|0|0|0|0|0|0|0|0|0|0|0|0|0|0|0|0|0|0|0|0|0|0|0|0|0||||||||
4|2|253|B|1|0|1|750|3|12|0|0|2|ESTRATO_2|1|0|0|0|0|0|0|0|0|0|0|0|0|0|0|0|0|0|0|0|0|0|0|0|0|0||||||||
4|2|254|B|1|0|3|750|3|12|0|0|2|ESTRATO_2|1|0|0|0|0|0|0|0|0|0|0|0|0|0|0|0|0|0|0|0|0|0|0|0|0|0||||||||
4|2|255|B|1|0|3|750|3|12|0|0|2|ESTRATO_2|1|0|0|0|0|0|0|0|0|0|0|0|0|0|0|0|0|0|0|0|0|0|0|0|0|0||||||||
4|2|256|B|1|0|2|750|3|12|0|0|2|ESTRATO_2|1|0|0|0|0|0|0|0|0|0|0|0|0|0|0|0|0|0|0|0|0|0|0|0|0|0||||||||
4|2|257|B|1|0|1|750|3|12|0|0|2|ESTRATO_2|1|0|0|0|0|0|0|0|0|0|0|0|0|0|0|0|0|0|0|0|0|0|0|0|0|0||||||||
4|2|258|B|1|0|3|750|3|12|0|0|2|ESTRATO_2|1|0|0|0|0|0|0|0|0|0|0|0|0|0|0|0|0|0|0|0|0|0|0|0|0|0||||||||
4|2|259|B|1|0|3|750|3|12|0|0|2|ESTRATO_2|1|0|0|0|0|0|0|0|0|0|0|0|0|0|0|0|0|0|0|0|0|0|0|0|0|0||||||||
4|2|260|B|1|0|3|750|3|12|0|0|2|ESTRATO_2|1|0|0|0|0|0|0|0|0|0|0|0|0|0|0|0|0|0|0|0|0|0|0|0|0|0||||||||
4|2|261|B|1|0|3|750|3|12|0|0|2|ESTRATO_2|1|0|0|0|0|0|0|0|0|0|0|0|0|0|0|0|0|0|0|0|0|0|0|0|0|0||||||||
4|2|262|B|1|0|3|750|3|12|0|0|2|ESTRATO_2|1|0|0|0|0|0|0|0|0|0|0|0|0|0|0|0|0|0|0|0|0|0|0|0|0|0||||||||
4|2|263|B|1|0|3|750|3|20|0|0|2|ESTRATO_2|1|0|0|0|0|0|0|0|0|0|0|0|0|0|0|0|0|0|0|0|0|0|0|0|0|0||||||||
4|2|264|B|1|0|3|750|3|20|0|0|2|ESTRATO_2|1|0|0|0|0|0|0|0|0|0|0|0|0|0|0|0|0|0|0|0|0|0|0|0|0|0||||||||
4|2|265|B|1|0|2|750|3|20|0|0|2|ESTRATO_2|1|0|0|0|0|0|0|0|0|0|0|0|0|0|0|0|0|0|0|0|0|0|0|0|0|0||||||||
4|2|266|B|1|0|1|750|3|20|0|0|2|ESTRATO_2|1|0|0|0|0|0|0|0|0|0|0|0|0|0|0|0|0|0|0|0|0|0|0|0|0|0||||||||
4|2|267|B|1|0|2|750|3|20|0|0|2|ESTRATO_2|1|0|0|0|0|0|0|0|0|0|0|0|0|0|0|0|0|0|0|0|0|0|0|0|0|0||||||||
4|2|268|B|1|0|2|750|3|20|0|0|2|ESTRATO_2|1|0|0|0|0|0|0|0|0|0|0|0|0|0|0|0|0|0|0|0|0|0|0|0|0|0||||||||
4|2|269|B|1|0|3|750|3|20|0|0|2|ESTRATO_2|1|0|0|0|0|0|0|0|0|0|0|0|0|0|0|0|0|0|0|0|0|0|0|0|0|0||||||||
4|2|270|B|1|0|3|750|3|12|0|0|2|ESTRATO_2|1|0|0|0|0|0|0|0|0|0|0|0|0|0|0|0|0|0|0|0|0|0|0|0|0|0||||||||
4|2|271|B|1|0|3|750|3|12|0|0|2|ESTRATO_2|1|0|0|0|0|0|0|0|0|0|0|0|0|0|0|0|0|0|0|0|0|0|0|0|0|0||||||||
4|2|272|B|1|0|3|750|3|12|0|0|2|ESTRATO_2|1|0|0|0|0|0|0|0|0|0|0|0|0|0|0|0|0|0|0|0|0|0|0|0|0|0||||||||
4|2|274|B|1|0|3|750|10|14|0|0|2|ESTRATO_2|1|0|0|0|0|0|0|0|0|0|0|0|0|0|0|0|0|0|0|0|0|0|0|0|0|0||||||||
4|2|275|B|1|0|3|750|10|14|0|0|2|ESTRATO_2|1|0|0|0|0|0|0|0|0|0|0|0|0|0|0|0|0|0|0|0|0|0|0|0|0|0||||||||
4|2|276|B|1|0|3|750|10|14|0|0|2|ESTRATO_2|1|0|0|0|0|0|0|0|0|0|0|0|0|0|0|0|0|0|0|0|0|0|0|0|0|0||||||||
4|2|277|B|1|0|3|750|10|14|0|0|2|ESTRATO_2|1|0|0|0|0|0|0|0|0|0|0|0|0|0|0|0|0|0|0|0|0|0|0|0|0|0||||||||
4|2|279|B|1|0|1|750|10|14|0|0|2|ESTRATO_2|1|0|0|0|0|0|0|0|0|0|0|0|0|0|0|0|0|0|0|0|0|0|0|0|0|0||||||||
4|2|280|B|1|0|1|750|10|14|0|0|2|ESTRATO_2|1|0|0|0|0|0|0|0|0|0|0|0|0|0|0|0|0|0|0|0|0|0|0|0|0|0||||||||
4|2|281|B|1|0|2|750|10|14|0|0|2|ESTRATO_2|1|0|0|0|0|0|0|0|0|0|0|0|0|0|0|0|0|0|0|0|0|0|0|0|0|0||||||||
4|2|282|B|1|0|1|750|10|14|0|0|2|ESTRATO_2|1|0|0|0|0|0|0|0|0|0|0|0|0|0|0|0|0|0|0|0|0|0|0|0|0|0||||||||
4|2|283|B|1|0|1|750|10|14|0|0|2|ESTRATO_2|1|0|0|0|0|0|0|0|0|0|0|0|0|0|0|0|0|0|0|0|0|0|0|0|0|0||||||||
4|2|284|B|1|0|3|750|3|12|0|0|2|ESTRATO_2|1|0|0|0|0|0|0|0|0|0|0|0|0|0|0|0|0|0|0|0|0|0|0|0|0|0||||||||
4|2|285|B|1|0|3|750|10|14|0|0|2|ESTRATO_2|1|0|0|0|0|0|0|0|0|0|0|0|0|0|0|0|0|0|0|0|0|0|0|0|0|0||||||||
4|2|286|B|1|0|3|750|10|14|0|0|2|ESTRATO_2|1|0|0|0|0|0|0|0|0|0|0|0|0|0|0|0|0|0|0|0|0|0|0|0|0|0||||||||
4|2|287|B|1|0|3|750|10|14|0|0|2|ESTRATO_2|1|0|0|0|0|0|0|0|0|0|0|0|0|0|0|0|0|0|0|0|0|0|0|0|0|0||||||||
4|2|288|B|1|0|3|750|10|14|0|0|2|ESTRATO_2|1|0|0|0|0|0|0|0|0|0|0|0|0|0|0|0|0|0|0|0|0|0|0|0|0|0||||||||
4|2|289|B|1|0|3|750|10|14|0|0|2|ESTRATO_2|1|0|0|0|0|0|0|0|0|0|0|0|0|0|0|0|0|0|0|0|0|0|0|0|0|0||||||||
4|2|290|B|1|0|3|750|10|14|0|0|2|ESTRATO_2|1|0|0|0|0|0|0|0|0|0|0|0|0|0|0|0|0|0|0|0|0|0|0|0|0|0||||||||
4|2|291|B|1|0|3|750|10|14|0|0|2|ESTRATO_2|1|0|0|0|0|0|0|0|0|0|0|0|0|0|0|0|0|0|0|0|0|0|0|0|0|0||||||||
4|2|292|B|1|0|3|750|10|14|0|0|2|ESTRATO_2|1|0|0|0|0|0|0|0|0|0|0|0|0|0|0|0|0|0|0|0|0|0|0|0|0|0||||||||
4|2|293|B|1|0|3|750|10|14|0|0|2|ESTRATO_2|1|0|0|0|0|0|0|0|0|0|0|0|0|0|0|0|0|0|0|0|0|0|0|0|0|0||||||||
4|2|294|B|1|0|3|750|10|14|0|0|2|ESTRATO_2|1|0|0|0|0|0|0|0|0|0|0|0|0|0|0|0|0|0|0|0|0|0|0|0|0|0||||||||
4|2|295|B|1|0|3|750|10|14|0|0|2|ESTRATO_2|1|0|0|0|0|0|0|0|0|0|0|0|0|0|0|0|0|0|0|0|0|0|0|0|0|0||||||||
4|2|296|B|1|0|3|750|10|14|0|0|2|ESTRATO_2|1|0|0|0|0|0|0|0|0|0|0|0|0|0|0|0|0|0|0|0|0|0|0|0|0|0||||||||
4|2|297|B|1|0|3|750|10|14|0|0|2|ESTRATO_2|1|0|0|0|0|0|0|0|0|0|0|0|0|0|0|0|0|0|0|0|0|0|0|0|0|0||||||||
4|2|298|B|1|0|3|750|10|14|0|0|2|ESTRATO_2|1|0|0|0|0|0|0|0|0|0|0|0|0|0|0|0|0|0|0|0|0|0|0|0|0|0||||||||
4|2|299|B|1|0|3|750|10|14|0|0|2|ESTRATO_2|1|0|0|0|0|0|0|0|0|0|0|0|0|0|0|0|0|0|0|0|0|0|0|0|0|0||||||||
4|2|300|B|1|0|3|750|10|14|0|0|2|ESTRATO_2|1|0|0|0|0|0|0|0|0|0|0|0|0|0|0|0|0|0|0|0|0|0|0|0|0|0||||||||
4|2|301|B|1|0|3|750|10|14|0|0|2|ESTRATO_2|1|0|0|0|0|0|0|0|0|0|0|0|0|0|0|0|0|0|0|0|0|0|0|0|0|0||||||||
4|2|302|B|1|0|3|750|10|14|0|0|2|ESTRATO_2|1|0|0|0|0|0|0|0|0|0|0|0|0|0|0|0|0|0|0|0|0|0|0|0|0|0||||||||
4|2|303|B|1|0|1|750|4|15|0|0|2|ESTRATO_2|1|0|0|0|0|0|0|0|0|0|0|0|0|0|0|0|0|0|0|0|0|0|0|0|0|0||||||||
4|2|304|B|1|0|1|750|4|15|0|0|2|ESTRATO_2|1|0|0|0|0|0|0|0|0|0|0|0|0|0|0|0|0|0|0|0|0|0|0|0|0|0||||||||
4|2|305|B|1|0|1|750|4|15|0|0|2|ESTRATO_2|1|0|0|0|0|0|0|0|0|0|0|0|0|0|0|0|0|0|0|0|0|0|0|0|0|0||||||||
4|2|306|B|1|0|1|750|4|15|0|0|2|ESTRATO_2|1|0|0|0|0|0|0|0|0|0|0|0|0|0|0|0|0|0|0|0|0|0|0|0|0|0||||||||
4|2|307|B|1|0|1|750|4|15|0|0|2|ESTRATO_2|1|0|0|0|0|0|0|0|0|0|0|0|0|0|0|0|0|0|0|0|0|0|0|0|0|0||||||||
4|2|308|B|1|0|1|750|4|15|0|0|2|ESTRATO_2|1|0|0|0|0|0|0|0|0|0|0|0|0|0|0|0|0|0|0|0|0|0|0|0|0|0||||||||
4|2|309|B|1|0|1|750|4|15|0|0|2|ESTRATO_2|1|0|0|0|0|0|0|0|0|0|0|0|0|0|0|0|0|0|0|0|0|0|0|0|0|0||||||||
4|2|310|B|1|0|1|750|4|15|0|0|2|ESTRATO_2|1|0|0|0|0|0|0|0|0|0|0|0|0|0|0|0|0|0|0|0|0|0|0|0|0|0||||||||
4|2|311|B|1|0|1|750|4|15|0|0|2|ESTRATO_2|1|0|0|0|0|0|0|0|0|0|0|0|0|0|0|0|0|0|0|0|0|0|0|0|0|0||||||||
4|2|312|B|1|0|1|750|4|15|0|0|2|ESTRATO_2|1|0|0|0|0|0|0|0|0|0|0|0|0|0|0|0|0|0|0|0|0|0|0|0|0|0||||||||
4|2|313|B|1|0|1|750|4|15|0|0|2|ESTRATO_2|1|0|0|0|0|0|0|0|0|0|0|0|0|0|0|0|0|0|0|0|0|0|0|0|0|0||||||||
4|2|314|B|1|0|1|750|4|15|0|0|2|ESTRATO_2|1|0|0|0|0|0|0|0|0|0|0|0|0|0|0|0|0|0|0|0|0|0|0|0|0|0||||||||
4|2|315|B|1|0|1|750|4|15|0|0|2|ESTRATO_2|1|0|0|0|0|0|0|0|0|0|0|0|0|0|0|0|0|0|0|0|0|0|0|0|0|0||||||||
4|2|316|B|1|0|1|750|4|15|0|0|2|ESTRATO_2|1|0|0|0|0|0|0|0|0|0|0|0|0|0|0|0|0|0|0|0|0|0|0|0|0|0||||||||
4|2|317|B|1|0|1|750|4|15|0|0|2|ESTRATO_2|1|0|0|0|0|0|0|0|0|0|0|0|0|0|0|0|0|0|0|0|0|0|0|0|0|0||||||||
4|2|318|B|1|0|1|750|4|15|0|0|2|ESTRATO_2|1|0|0|0|0|0|0|0|0|0|0|0|0|0|0|0|0|0|0|0|0|0|0|0|0|0||||||||
4|2|319|B|1|0|2|750|4|15|0|0|2|ESTRATO_2|1|0|0|0|0|0|0|0|0|0|0|0|0|0|0|0|0|0|0|0|0|0|0|0|0|0||||||||
4|2|320|B|1|0|2|750|13|16|0|0|2|ESTRATO_2|1|0|0|0|0|0|0|0|0|0|0|0|0|0|0|0|0|0|0|0|0|0|0|0|0|0||||||||
4|2|321|B|1|0|1|750|13|16|0|0|2|ESTRATO_2|1|0|0|0|0|0|0|0|0|0|0|0|0|0|0|0|0|0|0|0|0|0|0|0|0|0||||||||
4|2|322|B|1|0|1|750|13|16|0|0|2|ESTRATO_2|1|0|0|0|0|0|0|0|0|0|0|0|0|0|0|0|0|0|0|0|0|0|0|0|0|0||||||||
4|2|323|B|1|0|2|750|13|16|0|0|2|ESTRATO_2|1|0|0|0|0|0|0|0|0|0|0|0|0|0|0|0|0|0|0|0|0|0|0|0|0|0||||||||
4|2|324|B|1|0|1|750|13|16|0|0|2|ESTRATO_2|1|0|0|0|0|0|0|0|0|0|0|0|0|0|0|0|0|0|0|0|0|0|0|0|0|0||||||||
4|2|325|B|1|0|1|750|13|16|0|0|2|ESTRATO_2|1|0|0|0|0|0|0|0|0|0|0|0|0|0|0|0|0|0|0|0|0|0|0|0|0|0||||||||
4|2|326|B|1|0|3|750|13|16|0|0|2|ESTRATO_2|1|0|0|0|0|0|0|0|0|0|0|0|0|0|0|0|0|0|0|0|0|0|0|0|0|0||||||||
4|2|327|B|1|0|2|750|13|16|0|0|2|ESTRATO_2|1|0|0|0|0|0|0|0|0|0|0|0|0|0|0|0|0|0|0|0|0|0|0|0|0|0||||||||
4|2|328|B|1|0|2|750|13|16|0|0|2|ESTRATO_2|1|0|0|0|0|0|0|0|0|0|0|0|0|0|0|0|0|0|0|0|0|0|0|0|0|0||||||||
4|2|329|B|1|0|3|750|4|16|0|0|2|ESTRATO_2|1|0|0|0|0|0|0|0|0|0|0|0|0|0|0|0|0|0|0|0|0|0|0|0|0|0||||||||
4|2|330|B|1|0|1|750|4|16|0|0|2|ESTRATO_2|1|0|0|0|0|0|0|0|0|0|0|0|0|0|0|0|0|0|0|0|0|0|0|0|0|0||||||||
4|2|332|B|1|0|3|750|4|16|0|0|2|ESTRATO_2|1|0|0|0|0|0|0|0|0|0|0|0|0|0|0|0|0|0|0|0|0|0|0|0|0|0||||||||
4|2|333|B|1|0|3|750|4|16|0|0|2|ESTRATO_2|1|0|0|0|0|0|0|0|0|0|0|0|0|0|0|0|0|0|0|0|0|0|0|0|0|0||||||||
4|2|334|B|1|0|3|750|4|16|0|0|2|ESTRATO_2|1|0|0|0|0|0|0|0|0|0|0|0|0|0|0|0|0|0|0|0|0|0|0|0|0|0||||||||
4|2|335|B|1|0|3|750|4|16|0|0|2|ESTRATO_2|1|0|0|0|0|0|0|0|0|0|0|0|0|0|0|0|0|0|0|0|0|0|0|0|0|0||||||||
4|2|336|B|1|0|3|750|4|16|0|0|2|ESTRATO_2|1|0|0|0|0|0|0|0|0|0|0|0|0|0|0|0|0|0|0|0|0|0|0|0|0|0||||||||
4|2|337|B|1|0|3|750|4|16|0|0|2|ESTRATO_2|1|0|0|0|0|0|0|0|0|0|0|0|0|0|0|0|0|0|0|0|0|0|0|0|0|0||||||||
4|2|338|B|1|0|3|750|4|15|0|0|2|ESTRATO_2|1|0|0|0|0|0|0|0|0|0|0|0|0|0|0|0|0|0|0|0|0|0|0|0|0|0||||||||
4|2|339|B|1|0|3|750|4|16|0|0|2|ESTRATO_2|1|0|0|0|0|0|0|0|0|0|0|0|0|0|0|0|0|0|0|0|0|0|0|0|0|0||||||||
4|2|340|B|1|0|3|750|4|16|0|0|2|ESTRATO_2|1|0|0|0|0|0|0|0|0|0|0|0|0|0|0|0|0|0|0|0|0|0|0|0|0|0||||||||
4|2|341|B|1|0|3|750|4|15|0|0|2|ESTRATO_2|1|0|0|0|0|0|0|0|0|0|0|0|0|0|0|0|0|0|0|0|0|0|0|0|0|0||||||||
4|2|342|B|1|0|2|750|4|16|0|0|2|ESTRATO_2|1|0|0|0|0|0|0|0|0|0|0|0|0|0|0|0|0|0|0|0|0|0|0|0|0|0||||||||
4|2|343|B|1|0|1|750|4|16|0|0|2|ESTRATO_2|1|0|0|0|0|0|0|0|0|0|0|0|0|0|0|0|0|0|0|0|0|0|0|0|0|0||||||||
4|2|344|B|1|0|3|750|4|15|0|0|2|ESTRATO_2|1|0|0|0|0|0|0|0|0|0|0|0|0|0|0|0|0|0|0|0|0|0|0|0|0|0||||||||
4|2|345|B|1|0|1|750|4|15|0|0|2|ESTRATO_2|1|0|0|0|0|0|0|0|0|0|0|0|0|0|0|0|0|0|0|0|0|0|0|0|0|0||||||||
4|2|346|B|1|0|2|750|4|15|0|0|2|ESTRATO_2|1|0|0|0|0|0|0|0|0|0|0|0|0|0|0|0|0|0|0|0|0|0|0|0|0|0||||||||
4|2|347|B|1|0|3|750|4|16|0|0|2|ESTRATO_2|1|0|0|0|0|0|0|0|0|0|0|0|0|0|0|0|0|0|0|0|0|0|0|0|0|0||||||||
4|2|348|B|1|0|3|750|4|16|0|0|2|ESTRATO_2|1|0|0|0|0|0|0|0|0|0|0|0|0|0|0|0|0|0|0|0|0|0|0|0|0|0||||||||
4|2|349|B|1|0|3|750|4|15|0|0|2|ESTRATO_2|1|0|0|0|0|0|0|0|0|0|0|0|0|0|0|0|0|0|0|0|0|0|0|0|0|0||||||||
4|2|350|B|1|0|3|750|4|15|0|0|2|ESTRATO_2|1|0|0|0|0|0|0|0|0|0|0|0|0|0|0|0|0|0|0|0|0|0|0|0|0|0||||||||
4|2|351|B|1|0|3|750|4|15|0|0|2|ESTRATO_2|1|0|0|0|0|0|0|0|0|0|0|0|0|0|0|0|0|0|0|0|0|0|0|0|0|0||||||||
4|2|352|B|1|0|3|750|4|16|0|0|2|ESTRATO_2|1|0|0|0|0|0|0|0|0|0|0|0|0|0|0|0|0|0|0|0|0|0|0|0|0|0||||||||
4|2|353|B|1|0|3|750|4|15|0|0|2|ESTRATO_2|1|0|0|0|0|0|0|0|0|0|0|0|0|0|0|0|0|0|0|0|0|0|0|0|0|0||||||||
4|2|354|B|1|0|3|750|4|16|0|0|2|ESTRATO_2|1|0|0|0|0|0|0|0|0|0|0|0|0|0|0|0|0|0|0|0|0|0|0|0|0|0||||||||
4|2|355|B|1|0|3|750|4|15|0|0|2|ESTRATO_2|1|0|0|0|0|0|0|0|0|0|0|0|0|0|0|0|0|0|0|0|0|0|0|0|0|0||||||||
4|2|356|B|1|0|3|750|9|21|0|0|2|ESTRATO_2|1|0|0|0|0|0|0|0|0|0|0|0|0|0|0|0|0|0|0|0|0|0|0|0|0|0||||||||
4|2|357|B|1|0|3|750|9|21|0|0|2|ESTRATO_2|1|0|0|0|0|0|0|0|0|0|0|0|0|0|0|0|0|0|0|0|0|0|0|0|0|0||||||||
4|2|358|B|1|0|3|750|9|21|0|0|2|ESTRATO_2|1|0|0|0|0|0|0|0|0|0|0|0|0|0|0|0|0|0|0|0|0|0|0|0|0|0||||||||
4|2|361|B|1|0|3|750|9|21|0|0|2|ESTRATO_2|1|0|0|0|0|0|0|0|0|0|0|0|0|0|0|0|0|0|0|0|0|0|0|0|0|0||||||||
4|2|428|B|1|0|1|750|7|20|0|0|2|ESTRATO_2|1|0|0|0|0|0|0|0|0|0|0|0|0|0|0|0|0|0|0|0|0|0|0|0|0|0||||||||
4|2|429|B|1|0|2|750|7|20|0|0|2|ESTRATO_2|1|0|0|0|0|0|0|0|0|0|0|0|0|0|0|0|0|0|0|0|0|0|0|0|0|0||||||||
4|2|430|B|1|0|3|750|7|20|0|0|2|ESTRATO_2|1|0|0|0|0|0|0|0|0|0|0|0|0|0|0|0|0|0|0|0|0|0|0|0|0|0||||||||
4|2|431|B|1|0|3|750|7|20|0|0|2|ESTRATO_2|1|0|0|0|0|0|0|0|0|0|0|0|0|0|0|0|0|0|0|0|0|0|0|0|0|0||||||||
4|2|432|B|1|0|3|750|7|20|0|0|2|ESTRATO_2|1|0|0|0|0|0|0|0|0|0|0|0|0|0|0|0|0|0|0|0|0|0|0|0|0|0||||||||
4|2|433|B|1|0|3|750|7|20|0|0|2|ESTRATO_2|1|0|0|0|0|0|0|0|0|0|0|0|0|0|0|0|0|0|0|0|0|0|0|0|0|0||||||||
4|2|434|B|1|0|3|750|7|20|0|0|2|ESTRATO_2|1|0|0|0|0|0|0|0|0|0|0|0|0|0|0|0|0|0|0|0|0|0|0|0|0|0||||||||
4|2|435|B|1|0|3|750|7|20|0|0|2|ESTRATO_2|1|0|0|0|0|0|0|0|0|0|0|0|0|0|0|0|0|0|0|0|0|0|0|0|0|0||||||||
4|2|436|B|1|0|3|750|7|20|0|0|2|ESTRATO_2|1|0|0|0|0|0|0|0|0|0|0|0|0|0|0|0|0|0|0|0|0|0|0|0|0|0||||||||
4|2|439|B|1|0|3|750|7|20|0|0|2|ESTRATO_2|1|0|0|0|0|0|0|0|0|0|0|0|0|0|0|0|0|0|0|0|0|0|0|0|0|0||||||||
4|2|448|B|1|0|2|750|9|13|0|0|2|ESTRATO_2|1|0|0|0|0|0|0|0|0|0|0|0|0|0|0|0|0|0|0|0|0|0|0|0|0|0||||||||
4|2|449|B|1|0|1|750|9|13|0|0|2|ESTRATO_2|1|0|0|0|0|0|0|0|0|0|0|0|0|0|0|0|0|0|0|0|0|0|0|0|0|0||||||||
4|2|450|B|1|0|1|750|9|13|0|0|2|ESTRATO_2|1|0|0|0|0|0|0|0|0|0|0|0|0|0|0|0|0|0|0|0|0|0|0|0|0|0||||||||
4|2|451|B|1|0|1|750|9|13|0|0|2|ESTRATO_2|1|0|0|0|0|0|0|0|0|0|0|0|0|0|0|0|0|0|0|0|0|0|0|0|0|0||||||||
4|2|452|B|1|0|1|750|9|13|0|0|2|ESTRATO_2|1|0|0|0|0|0|0|0|0|0|0|0|0|0|0|0|0|0|0|0|0|0|0|0|0|0||||||||
4|2|453|B|1|0|1|750|9|13|0|0|2|ESTRATO_2|1|0|0|0|0|0|0|0|0|0|0|0|0|0|0|0|0|0|0|0|0|0|0|0|0|0||||||||
4|2|454|B|1|0|1|750|9|13|0|0|2|ESTRATO_2|1|0|0|0|0|0|0|0|0|0|0|0|0|0|0|0|0|0|0|0|0|0|0|0|0|0||||||||
4|2|455|B|1|0|2|750|9|13|0|0|2|ESTRATO_2|1|0|0|0|0|0|0|0|0|0|0|0|0|0|0|0|0|0|0|0|0|0|0|0|0|0||||||||
4|2|456|B|1|0|1|750|9|13|0|0|2|ESTRATO_2|1|0|0|0|0|0|0|0|0|0|0|0|0|0|0|0|0|0|0|0|0|0|0|0|0|0||||||||
4|2|457|B|1|0|1|750|9|13|0|0|2|ESTRATO_2|1|0|0|0|0|0|0|0|0|0|0|0|0|0|0|0|0|0|0|0|0|0|0|0|0|0||||||||
4|2|458|B|1|0|1|750|9|13|0|0|2|ESTRATO_2|1|0|0|0|0|0|0|0|0|0|0|0|0|0|0|0|0|0|0|0|0|0|0|0|0|0||||||||
4|2|459|B|1|0|1|750|9|13|0|0|2|ESTRATO_2|1|0|0|0|0|0|0|0|0|0|0|0|0|0|0|0|0|0|0|0|0|0|0|0|0|0||||||||
4|2|460|B|1|0|1|750|9|13|0|0|2|ESTRATO_2|1|0|0|0|0|0|0|0|0|0|0|0|0|0|0|0|0|0|0|0|0|0|0|0|0|0||||||||
4|2|461|B|1|0|1|750|9|13|0|0|2|ESTRATO_2|1|0|0|0|0|0|0|0|0|0|0|0|0|0|0|0|0|0|0|0|0|0|0|0|0|0||||||||
4|2|462|B|1|0|1|750|9|13|0|0|2|ESTRATO_2|1|0|0|0|0|0|0|0|0|0|0|0|0|0|0|0|0|0|0|0|0|0|0|0|0|0||||||||
4|2|463|B|1|0|1|750|9|13|0|0|2|ESTRATO_2|1|0|0|0|0|0|0|0|0|0|0|0|0|0|0|0|0|0|0|0|0|0|0|0|0|0||||||||
4|2|464|B|1|0|1|750|9|13|0|0|2|ESTRATO_2|1|0|0|0|0|0|0|0|0|0|0|0|0|0|0|0|0|0|0|0|0|0|0|0|0|0||||||||
4|2|465|B|1|0|3|750|9|13|0|0|2|ESTRATO_2|1|0|0|0|0|0|0|0|0|0|0|0|0|0|0|0|0|0|0|0|0|0|0|0|0|0||||||||
4|2|466|B|1|0|3|750|9|13|0|0|2|ESTRATO_2|1|0|0|0|0|0|0|0|0|0|0|0|0|0|0|0|0|0|0|0|0|0|0|0|0|0||||||||
4|2|467|B|1|0|3|750|9|21|0|0|2|ESTRATO_2|1|0|0|0|0|0|0|0|0|0|0|0|0|0|0|0|0|0|0|0|0|0|0|0|0|0||||||||
4|2|468|B|1|0|3|750|9|21|0|0|2|ESTRATO_2|1|0|0|0|0|0|0|0|0|0|0|0|0|0|0|0|0|0|0|0|0|0|0|0|0|0||||||||
4|2|469|B|1|0|3|750|9|21|0|0|2|ESTRATO_2|1|0|0|0|0|0|0|0|0|0|0|0|0|0|0|0|0|0|0|0|0|0|0|0|0|0||||||||
4|2|470|B|1|0|3|750|9|21|0|0|2|ESTRATO_2|1|0|0|0|0|0|0|0|0|0|0|0|0|0|0|0|0|0|0|0|0|0|0|0|0|0||||||||
4|2|471|B|1|0|3|750|9|13|0|0|2|ESTRATO_2|1|0|0|0|0|0|0|0|0|0|0|0|0|0|0|0|0|0|0|0|0|0|0|0|0|0||||||||
4|2|472|B|1|0|3|750|3|12|0|0|2|ESTRATO_2|1|0|0|0|0|0|0|0|0|0|0|0|0|0|0|0|0|0|0|0|0|0|0|0|0|0||||||||
4|2|473|B|1|0|3|750|3|12|0|0|2|ESTRATO_2|1|0|0|0|0|0|0|0|0|0|0|0|0|0|0|0|0|0|0|0|0|0|0|0|0|0||||||||
4|2|474|B|1|0|3|750|3|12|0|0|2|ESTRATO_2|1|0|0|0|0|0|0|0|0|0|0|0|0|0|0|0|0|0|0|0|0|0|0|0|0|0||||||||
4|2|475|B|1|0|1|750|9|13|0|0|2|ESTRATO_2|1|0|0|0|0|0|0|0|0|0|0|0|0|0|0|0|0|0|0|0|0|0|0|0|0|0||||||||
4|2|476|B|1|0|1|750|9|13|0|0|2|ESTRATO_2|1|0|0|0|0|0|0|0|0|0|0|0|0|0|0|0|0|0|0|0|0|0|0|0|0|0||||||||
4|2|477|B|1|0|2|750|9|13|0|0|2|ESTRATO_2|1|0|0|0|0|0|0|0|0|0|0|0|0|0|0|0|0|0|0|0|0|0|0|0|0|0||||||||
4|2|478|B|1|0|3|750|3|12|0|0|2|ESTRATO_2|1|0|0|0|0|0|0|0|0|0|0|0|0|0|0|0|0|0|0|0|0|0|0|0|0|0||||||||
4|2|479|B|1|0|3|750|3|12|0|0|2|ESTRATO_2|1|0|0|0|0|0|0|0|0|0|0|0|0|0|0|0|0|0|0|0|0|0|0|0|0|0||||||||
4|2|480|B|1|0|3|750|9|13|0|0|2|ESTRATO_2|1|0|0|0|0|0|0|0|0|0|0|0|0|0|0|0|0|0|0|0|0|0|0|0|0|0||||||||
4|2|481|B|1|0|3|750|9|13|0|0|2|ESTRATO_2|1|0|0|0|0|0|0|0|0|0|0|0|0|0|0|0|0|0|0|0|0|0|0|0|0|0||||||||
4|2|482|B|1|0|3|750|9|13|0|0|2|ESTRATO_2|1|0|0|0|0|0|0|0|0|0|0|0|0|0|0|0|0|0|0|0|0|0|0|0|0|0||||||||
4|2|483|B|1|0|3|750|3|12|0|0|2|ESTRATO_2|1|0|0|0|0|0|0|0|0|0|0|0|0|0|0|0|0|0|0|0|0|0|0|0|0|0||||||||
4|2|484|B|1|0|3|750|3|12|0|0|2|ESTRATO_2|1|0|0|0|0|0|0|0|0|0|0|0|0|0|0|0|0|0|0|0|0|0|0|0|0|0||||||||
4|2|485|B|1|0|3|750|9|13|0|0|2|ESTRATO_2|1|0|0|0|0|0|0|0|0|0|0|0|0|0|0|0|0|0|0|0|0|0|0|0|0|0||||||||
4|2|486|B|1|0|3|750|3|12|0|0|2|ESTRATO_2|1|0|0|0|0|0|0|0|0|0|0|0|0|0|0|0|0|0|0|0|0|0|0|0|0|0||||||||
4|2|487|B|1|0|3|750|3|12|0|0|2|ESTRATO_2|1|0|0|0|0|0|0|0|0|0|0|0|0|0|0|0|0|0|0|0|0|0|0|0|0|0||||||||
4|2|488|B|1|0|3|750|3|12|0|0|2|ESTRATO_2|1|0|0|0|0|0|0|0|0|0|0|0|0|0|0|0|0|0|0|0|0|0|0|0|0|0||||||||
4|2|489|B|1|0|1|750|9|13|0|0|2|ESTRATO_2|1|0|0|0|0|0|0|0|0|0|0|0|0|0|0|0|0|0|0|0|0|0|0|0|0|0||||||||
4|2|490|B|1|0|3|750|10|14|0|0|2|ESTRATO_2|1|0|0|0|0|0|0|0|0|0|0|0|0|0|0|0|0|0|0|0|0|0|0|0|0|0||||||||
4|2|491|B|1|0|2|750|3|12|0|0|2|ESTRATO_2|1|0|0|0|0|0|0|0|0|0|0|0|0|0|0|0|0|0|0|0|0|0|0|0|0|0||||||||
4|2|492|B|1|0|2|750|3|12|0|0|2|ESTRATO_2|1|0|0|0|0|0|0|0|0|0|0|0|0|0|0|0|0|0|0|0|0|0|0|0|0|0||||||||
4|2|493|B|1|0|1|750|3|10|0|0|2|ESTRATO_2|1|0|0|0|0|0|0|0|0|0|0|0|0|0|0|0|0|0|0|0|0|0|0|0|0|0||||||||
4|2|494|B|1|0|1|750|3|10|0|0|2|ESTRATO_2|1|0|0|0|0|0|0|0|0|0|0|0|0|0|0|0|0|0|0|0|0|0|0|0|0|0||||||||
4|2|495|B|1|0|1|750|3|10|0|0|2|ESTRATO_2|1|0|0|0|0|0|0|0|0|0|0|0|0|0|0|0|0|0|0|0|0|0|0|0|0|0||||||||
4|2|496|B|1|0|1|750|3|10|0|0|2|ESTRATO_2|1|0|0|0|0|0|0|0|0|0|0|0|0|0|0|0|0|0|0|0|0|0|0|0|0|0||||||||
4|2|497|B|1|0|1|750|3|11|0|0|2|ESTRATO_2|1|0|0|0|0|0|0|0|0|0|0|0|0|0|0|0|0|0|0|0|0|0|0|0|0|0||||||||
4|2|498|B|1|0|1|750|3|11|0|0|2|ESTRATO_2|1|0|0|0|0|0|0|0|0|0|0|0|0|0|0|0|0|0|0|0|0|0|0|0|0|0||||||||
4|2|499|B|1|0|1|750|3|11|0|0|2|ESTRATO_2|1|0|0|0|0|0|0|0|0|0|0|0|0|0|0|0|0|0|0|0|0|0|0|0|0|0||||||||
4|2|500|B|1|0|1|750|3|11|0|0|2|ESTRATO_2|1|0|0|0|0|0|0|0|0|0|0|0|0|0|0|0|0|0|0|0|0|0|0|0|0|0||||||||
4|2|501|B|1|0|1|750|3|11|0|0|2|ESTRATO_2|1|0|0|0|0|0|0|0|0|0|0|0|0|0|0|0|0|0|0|0|0|0|0|0|0|0||||||||
4|2|502|B|1|0|1|750|3|10|0|0|2|ESTRATO_2|1|0|0|0|0|0|0|0|0|0|0|0|0|0|0|0|0|0|0|0|0|0|0|0|0|0||||||||
4|2|503|B|1|0|1|750|3|10|0|0|2|ESTRATO_2|1|0|0|0|0|0|0|0|0|0|0|0|0|0|0|0|0|0|0|0|0|0|0|0|0|0||||||||
4|2|504|B|1|0|1|750|3|11|0|0|2|ESTRATO_2|1|0|0|0|0|0|0|0|0|0|0|0|0|0|0|0|0|0|0|0|0|0|0|0|0|0||||||||
4|2|505|B|1|0|1|750|3|11|0|0|2|ESTRATO_2|1|0|0|0|0|0|0|0|0|0|0|0|0|0|0|0|0|0|0|0|0|0|0|0|0|0||||||||
4|2|506|B|1|0|1|750|3|10|0|0|2|ESTRATO_2|1|0|0|0|0|0|0|0|0|0|0|0|0|0|0|0|0|0|0|0|0|0|0|0|0|0||||||||
4|2|507|B|1|0|1|750|3|11|0|0|2|ESTRATO_2|1|0|0|0|0|0|0|0|0|0|0|0|0|0|0|0|0|0|0|0|0|0|0|0|0|0||||||||
4|2|508|B|1|0|1|750|3|11|0|0|2|ESTRATO_2|1|0|0|0|0|0|0|0|0|0|0|0|0|0|0|0|0|0|0|0|0|0|0|0|0|0||||||||
4|2|509|B|1|0|1|750|3|11|0|0|2|ESTRATO_2|1|0|0|0|0|0|0|0|0|0|0|0|0|0|0|0|0|0|0|0|0|0|0|0|0|0||||||||
4|2|510|B|1|0|1|750|3|11|0|0|2|ESTRATO_2|1|0|0|0|0|0|0|0|0|0|0|0|0|0|0|0|0|0|0|0|0|0|0|0|0|0||||||||
4|2|511|B|1|0|1|750|3|11|0|0|2|ESTRATO_2|1|0|0|0|0|0|0|0|0|0|0|0|0|0|0|0|0|0|0|0|0|0|0|0|0|0||||||||
4|2|512|B|1|0|1|750|3|11|0|0|2|ESTRATO_2|1|0|0|0|0|0|0|0|0|0|0|0|0|0|0|0|0|0|0|0|0|0|0|0|0|0||||||||
4|2|513|B|1|0|1|750|3|11|0|0|2|ESTRATO_2|1|0|0|0|0|0|0|0|0|0|0|0|0|0|0|0|0|0|0|0|0|0|0|0|0|0||||||||
4|2|514|B|1|0|1|750|3|11|0|0|2|ESTRATO_2|1|0|0|0|0|0|0|0|0|0|0|0|0|0|0|0|0|0|0|0|0|0|0|0|0|0||||||||
4|2|515|B|1|0|1|750|3|11|0|0|2|ESTRATO_2|1|0|0|0|0|0|0|0|0|0|0|0|0|0|0|0|0|0|0|0|0|0|0|0|0|0||||||||
4|2|516|B|1|0|1|750|3|11|0|0|2|ESTRATO_2|1|0|0|0|0|0|0|0|0|0|0|0|0|0|0|0|0|0|0|0|0|0|0|0|0|0||||||||
4|2|517|B|1|0|1|750|3|11|0|0|2|ESTRATO_2|1|0|0|0|0|0|0|0|0|0|0|0|0|0|0|0|0|0|0|0|0|0|0|0|0|0||||||||
4|2|518|B|1|0|1|750|3|11|0|0|2|ESTRATO_2|1|0|0|0|0|0|0|0|0|0|0|0|0|0|0|0|0|0|0|0|0|0|0|0|0|0||||||||
4|2|519|B|1|0|1|750|3|11|0|0|2|ESTRATO_2|1|0|0|0|0|0|0|0|0|0|0|0|0|0|0|0|0|0|0|0|0|0|0|0|0|0||||||||
4|2|520|B|1|0|1|750|3|11|0|0|2|ESTRATO_2|1|0|0|0|0|0|0|0|0|0|0|0|0|0|0|0|0|0|0|0|0|0|0|0|0|0||||||||
4|2|521|B|1|0|1|750|3|11|0|0|2|ESTRATO_2|1|0|0|0|0|0|0|0|0|0|0|0|0|0|0|0|0|0|0|0|0|0|0|0|0|0||||||||
4|2|522|B|1|0|1|750|3|11|0|0|2|ESTRATO_2|1|0|0|0|0|0|0|0|0|0|0|0|0|0|0|0|0|0|0|0|0|0|0|0|0|0||||||||
4|2|523|B|1|0|1|750|3|11|0|0|2|ESTRATO_2|1|0|0|0|0|0|0|0|0|0|0|0|0|0|0|0|0|0|0|0|0|0|0|0|0|0||||||||
4|2|524|B|1|0|1|750|3|11|0|0|2|ESTRATO_2|1|0|0|0|0|0|0|0|0|0|0|0|0|0|0|0|0|0|0|0|0|0|0|0|0|0||||||||
4|2|525|B|1|0|1|750|3|11|0|0|2|ESTRATO_2|1|0|0|0|0|0|0|0|0|0|0|0|0|0|0|0|0|0|0|0|0|0|0|0|0|0||||||||
4|2|526|B|1|0|1|750|3|11|0|0|2|ESTRATO_2|1|0|0|0|0|0|0|0|0|0|0|0|0|0|0|0|0|0|0|0|0|0|0|0|0|0||||||||
4|2|527|B|1|0|1|750|3|11|0|0|2|ESTRATO_2|1|0|0|0|0|0|0|0|0|0|0|0|0|0|0|0|0|0|0|0|0|0|0|0|0|0||||||||
4|2|528|B|1|0|3|750|4|16|0|0|2|ESTRATO_2|1|0|0|0|0|0|0|0|0|0|0|0|0|0|0|0|0|0|0|0|0|0|0|0|0|0||||||||
4|2|529|B|1|0|3|750|4|16|0|0|2|ESTRATO_2|1|0|0|0|0|0|0|0|0|0|0|0|0|0|0|0|0|0|0|0|0|0|0|0|0|0||||||||
4|2|530|B|1|0|3|750|4|16|0|0|2|ESTRATO_2|1|0|0|0|0|0|0|0|0|0|0|0|0|0|0|0|0|0|0|0|0|0|0|0|0|0||||||||
4|2|531|B|1|0|3|750|10|14|0|0|2|ESTRATO_2|1|0|0|0|0|0|0|0|0|0|0|0|0|0|0|0|0|0|0|0|0|0|0|0|0|0||||||||
4|2|532|B|1|0|3|750|10|14|0|0|2|ESTRATO_2|1|0|0|0|0|0|0|0|0|0|0|0|0|0|0|0|0|0|0|0|0|0|0|0|0|0||||||||
4|2|533|B|1|0|3|750|10|14|0|0|2|ESTRATO_2|1|0|0|0|0|0|0|0|0|0|0|0|0|0|0|0|0|0|0|0|0|0|0|0|0|0||||||||
4|2|534|B|1|0|3|750|10|14|0|0|2|ESTRATO_2|1|0|0|0|0|0|0|0|0|0|0|0|0|0|0|0|0|0|0|0|0|0|0|0|0|0||||||||
4|2|535|B|1|0|3|750|10|14|0|0|2|ESTRATO_2|1|0|0|0|0|0|0|0|0|0|0|0|0|0|0|0|0|0|0|0|0|0|0|0|0|0||||||||
4|2|536|B|1|0|3|750|10|14|0|0|2|ESTRATO_2|1|0|0|0|0|0|0|0|0|0|0|0|0|0|0|0|0|0|0|0|0|0|0|0|0|0||||||||
4|2|537|B|1|0|3|750|10|14|0|0|2|ESTRATO_2|1|0|0|0|0|0|0|0|0|0|0|0|0|0|0|0|0|0|0|0|0|0|0|0|0|0||||||||
4|2|538|B|1|0|3|750|4|16|0|0|2|ESTRATO_2|1|0|0|0|0|0|0|0|0|0|0|0|0|0|0|0|0|0|0|0|0|0|0|0|0|0||||||||
4|2|539|B|1|0|2|750|4|16|0|0|2|ESTRATO_2|1|0|0|0|0|0|0|0|0|0|0|0|0|0|0|0|0|0|0|0|0|0|0|0|0|0||||||||
