370
iD_ESTADO|ID_DISTRITO_FEDERAL|SECCION|TIPO_CASILLA|ID_CASILLA|EXT_CONTIGUA|TIPO_SECCION|LISTA_NOMINAL|ID_MUNICIPIO|ID_DIST_LOC|ID_ESTRATO_F|ESTRATO_F|ID_ESTRATO_L|ESTRATO_L|ID_AREA_RESPONSABILIDAD|PAN|PRI|PRD|PVEM|PT|MC|MORENA|RSP|FPM|PANAL|PAN_PRI_PRD|PAN_PRI|PAN_PRD|PRI_PRD|MORENA_PANAL|CNR|NULOS|TOTAL|MRC|VMA|AICA|LAMS|IVS|EBR|CVYCC|ANIO|MES|DIA|HORA|MINUTOS|SEGUNDOS|ORIGEN_CAPTURA|MODIFICADO
6|1|1|B|1|0|1|750|1|6|0|0|1|ESTRATO_1|1|0|0|0|0|0|0|0|0|0|0|0|0|0|0|0|0|0|0|0|0|0|0|0|0|0||||||||
6|1|2|B|1|0|1|750|1|6|0|0|1|ESTRATO_1|1|0|0|0|0|0|0|0|0|0|0|0|0|0|0|0|0|0|0|||||||||||||||
6|1|3|B|1|0|1|750|1|2|0|0|1|ESTRATO_1|1|0|0|0|0|0|0|0|0|0|0|0|0|0|0|0|0|0|0|||||||||||||||
6|1|4|B|1|0|1|750|1|2|0|0|1|ESTRATO_1|1|0|0|0|0|0|0|0|0|0|0|0|0|0|0|0|0|0|0|0|0|0|0|0|0|0||||||||
6|1|5|B|1|0|1|750|1|2|0|0|1|ESTRATO_1|1|0|0|0|0|0|0|0|0|0|0|0|0|0|0|0|0|0|0|0|0|0|0|0|0|0||||||||
6|1|6|B|1|0|1|750|1|6|0|0|1|ESTRATO_1|1|0|0|0|0|0|0|0|0|0|0|0|0|0|0|0|0|0|0|0|0|0|0|0|0|0||||||||
6|1|7|B|1|0|1|750|1|2|0|0|1|ESTRATO_1|1|0|0|0|0|0|0|0|0|0|0|0|0|0|0|0|0|0|0|0|0|0|0|0|0|0||||||||
6|1|8|B|1|0|1|750|1|2|0|0|1|ESTRATO_1|1|0|0|0|0|0|0|0|0|0|0|0|0|0|0|0|0|0|0|0|0|0|0|0|0|0||||||||
6|1|9|B|1|0|1|750|1|2|0|0|1|ESTRATO_1|1|0|0|0|0|0|0|0|0|0|0|0|0|0|0|0|0|0|0|0|0|0|0|0|0|0||||||||
6|1|10|B|1|0|1|750|1|2|0|0|1|ESTRATO_1|1|0|0|0|0|0|0|0|0|0|0|0|0|0|0|0|0|0|0|||||||||||||||
6|1|11|B|1|0|1|750|1|2|0|0|1|ESTRATO_1|1|0|0|0|0|0|0|0|0|0|0|0|0|0|0|0|0|0|0|0|0|0|0|0|0|0||||||||
6|1|12|B|1|0|1|750|1|6|0|0|1|ESTRATO_1|1|0|0|0|0|0|0|0|0|0|0|0|0|0|0|0|0|0|0|0|0|0|0|0|0|0||||||||
6|1|13|B|1|0|1|750|1|6|0|0|1|ESTRATO_1|1|0|0|0|0|0|0|0|0|0|0|0|0|0|0|0|0|0|0|0|0|0|0|0|0|0||||||||
6|1|14|B|1|0|1|750|1|2|0|0|1|ESTRATO_1|1|0|0|0|0|0|0|0|0|0|0|0|0|0|0|0|0|0|0|0|0|0|0|0|0|0||||||||
6|1|15|B|1|0|1|750|1|2|0|0|1|ESTRATO_1|1|0|0|0|0|0|0|0|0|0|0|0|0|0|0|0|0|0|0|0|0|0|0|0|0|0||||||||
6|1|16|B|1|0|1|750|1|2|0|0|1|ESTRATO_1|1|0|0|0|0|0|0|0|0|0|0|0|0|0|0|0|0|0|0|0|0|0|0|0|0|0||||||||
6|1|17|B|1|0|1|750|1|2|0|0|1|ESTRATO_1|1|0|0|0|0|0|0|0|0|0|0|0|0|0|0|0|0|0|0|0|0|0|0|0|0|0||||||||
6|1|18|B|1|0|1|750|1|2|0|0|1|ESTRATO_1|1|0|0|0|0|0|0|0|0|0|0|0|0|0|0|0|0|0|0|0|0|0|0|0|0|0||||||||
6|1|19|B|1|0|1|750|1|2|0|0|1|ESTRATO_1|1|0|0|0|0|0|0|0|0|0|0|0|0|0|0|0|0|0|0|0|0|0|0|0|0|0||||||||
6|1|20|B|1|0|1|750|1|1|0|0|1|ESTRATO_1|1|0|0|0|0|0|0|0|0|0|0|0|0|0|0|0|0|0|0|0|0|0|0|0|0|0||||||||
6|1|21|B|1|0|1|750|1|1|0|0|1|ESTRATO_1|1|0|0|0|0|0|0|0|0|0|0|0|0|0|0|0|0|0|0|0|0|0|0|0|0|0||||||||
6|1|22|B|1|0|1|750|1|6|0|0|1|ESTRATO_1|1|0|0|0|0|0|0|0|0|0|0|0|0|0|0|0|0|0|0|0|0|0|0|0|0|0||||||||
6|1|23|B|1|0|1|750|1|3|0|0|1|ESTRATO_1|1|0|0|0|0|0|0|0|0|0|0|0|0|0|0|0|0|0|0|0|0|0|0|0|0|0||||||||
6|1|24|B|1|0|1|750|1|3|0|0|1|ESTRATO_1|1|0|0|0|0|0|0|0|0|0|0|0|0|0|0|0|0|0|0|0|0|0|0|0|0|0||||||||
6|1|25|B|1|0|1|750|1|2|0|0|1|ESTRATO_1|1|0|0|0|0|0|0|0|0|0|0|0|0|0|0|0|0|0|0|0|0|0|0|0|0|0||||||||
6|1|26|B|1|0|1|750|1|2|0|0|1|ESTRATO_1|1|0|0|0|0|0|0|0|0|0|0|0|0|0|0|0|0|0|0|0|0|0|0|0|0|0||||||||
6|1|27|B|1|0|1|750|1|2|0|0|1|ESTRATO_1|1|0|0|0|0|0|0|0|0|0|0|0|0|0|0|0|0|0|0|0|0|0|0|0|0|0||||||||
6|1|28|B|1|0|1|750|1|2|0|0|1|ESTRATO_1|1|0|0|0|0|0|0|0|0|0|0|0|0|0|0|0|0|0|0|0|0|0|0|0|0|0||||||||
6|1|29|B|1|0|1|750|1|2|0|0|1|ESTRATO_1|1|0|0|0|0|0|0|0|0|0|0|0|0|0|0|0|0|0|0|0|0|0|0|0|0|0||||||||
6|1|30|B|1|0|1|750|1|2|0|0|1|ESTRATO_1|1|0|0|0|0|0|0|0|0|0|0|0|0|0|0|0|0|0|0|0|0|0|0|0|0|0||||||||
6|1|31|B|1|0|1|750|1|2|0|0|1|ESTRATO_1|1|0|0|0|0|0|0|0|0|0|0|0|0|0|0|0|0|0|0|0|0|0|0|0|0|0||||||||
6|1|32|B|1|0|1|750|1|1|0|0|1|ESTRATO_1|1|0|0|0|0|0|0|0|0|0|0|0|0|0|0|0|0|0|0|0|0|0|0|0|0|0||||||||
6|1|33|B|1|0|1|750|1|1|0|0|1|ESTRATO_1|1|0|0|0|0|0|0|0|0|0|0|0|0|0|0|0|0|0|0|0|0|0|0|0|0|0||||||||
6|1|34|B|1|0|1|750|1|1|0|0|1|ESTRATO_1|1|0|0|0|0|0|0|0|0|0|0|0|0|0|0|0|0|0|0|0|0|0|0|0|0|0||||||||
6|1|35|B|1|0|1|750|1|1|0|0|1|ESTRATO_1|1|0|0|0|0|0|0|0|0|0|0|0|0|0|0|0|0|0|0|0|0|0|0|0|0|0||||||||
6|1|36|B|1|0|1|750|1|1|0|0|1|ESTRATO_1|1|0|0|0|0|0|0|0|0|0|0|0|0|0|0|0|0|0|0|0|0|0|0|0|0|0||||||||
6|1|37|B|1|0|1|750|1|3|0|0|1|ESTRATO_1|1|0|0|0|0|0|0|0|0|0|0|0|0|0|0|0|0|0|0|0|0|0|0|0|0|0||||||||
6|1|38|B|1|0|1|750|1|2|0|0|1|ESTRATO_1|1|0|0|0|0|0|0|0|0|0|0|0|0|0|0|0|0|0|0|0|0|0|0|0|0|0||||||||
6|1|39|B|1|0|1|750|1|2|0|0|1|ESTRATO_1|1|0|0|0|0|0|0|0|0|0|0|0|0|0|0|0|0|0|0|0|0|0|0|0|0|0||||||||
6|1|40|B|1|0|1|750|1|2|0|0|1|ESTRATO_1|1|0|0|0|0|0|0|0|0|0|0|0|0|0|0|0|0|0|0|0|0|0|0|0|0|0||||||||
6|1|41|B|1|0|1|750|1|2|0|0|1|ESTRATO_1|1|0|0|0|0|0|0|0|0|0|0|0|0|0|0|0|0|0|0|0|0|0|0|0|0|0||||||||
6|1|42|B|1|0|1|750|1|1|0|0|1|ESTRATO_1|1|0|0|0|0|0|0|0|0|0|0|0|0|0|0|0|0|0|0|0|0|0|0|0|0|0||||||||
6|1|43|B|1|0|1|750|1|1|0|0|1|ESTRATO_1|1|0|0|0|0|0|0|0|0|0|0|0|0|0|0|0|0|0|0|0|0|0|0|0|0|0||||||||
6|1|44|B|1|0|1|750|1|1|0|0|1|ESTRATO_1|1|0|0|0|0|0|0|0|0|0|0|0|0|0|0|0|0|0|0|0|0|0|0|0|0|0||||||||
6|1|45|B|1|0|1|750|1|1|0|0|1|ESTRATO_1|1|0|0|0|0|0|0|0|0|0|0|0|0|0|0|0|0|0|0|0|0|0|0|0|0|0||||||||
6|1|46|B|1|0|1|750|1|1|0|0|1|ESTRATO_1|1|0|0|0|0|0|0|0|0|0|0|0|0|0|0|0|0|0|0|0|0|0|0|0|0|0||||||||
6|1|47|B|1|0|1|750|1|2|0|0|1|ESTRATO_1|1|0|0|0|0|0|0|0|0|0|0|0|0|0|0|0|0|0|0|0|0|0|0|0|0|0||||||||
6|1|48|B|1|0|1|750|1|2|0|0|1|ESTRATO_1|1|0|0|0|0|0|0|0|0|0|0|0|0|0|0|0|0|0|0|0|0|0|0|0|0|0||||||||
6|1|49|B|1|0|1|750|1|2|0|0|1|ESTRATO_1|1|0|0|0|0|0|0|0|0|0|0|0|0|0|0|0|0|0|0|0|0|0|0|0|0|0||||||||
6|1|50|B|1|0|1|750|1|1|0|0|1|ESTRATO_1|1|0|0|0|0|0|0|0|0|0|0|0|0|0|0|0|0|0|0|0|0|0|0|0|0|0||||||||
6|1|51|B|1|0|1|750|1|1|0|0|1|ESTRATO_1|1|0|0|0|0|0|0|0|0|0|0|0|0|0|0|0|0|0|0|0|0|0|0|0|0|0||||||||
6|1|52|B|1|0|1|750|1|1|0|0|1|ESTRATO_1|1|0|0|0|0|0|0|0|0|0|0|0|0|0|0|0|0|0|0|0|0|0|0|0|0|0||||||||
6|1|53|B|1|0|1|750|1|1|0|0|1|ESTRATO_1|1|0|0|0|0|0|0|0|0|0|0|0|0|0|0|0|0|0|0|0|0|0|0|0|0|0||||||||
6|1|54|B|1|0|1|750|1|2|0|0|1|ESTRATO_1|1|0|0|0|0|0|0|0|0|0|0|0|0|0|0|0|0|0|0|0|0|0|0|0|0|0||||||||
6|1|55|B|1|0|1|750|1|2|0|0|1|ESTRATO_1|1|0|0|0|0|0|0|0|0|0|0|0|0|0|0|0|0|0|0|0|0|0|0|0|0|0||||||||
6|1|56|B|1|0|1|750|1|2|0|0|1|ESTRATO_1|1|0|0|0|0|0|0|0|0|0|0|0|0|0|0|0|0|0|0|0|0|0|0|0|0|0||||||||
6|1|57|B|1|0|1|750|1|1|0|0|1|ESTRATO_1|1|0|0|0|0|0|0|0|0|0|0|0|0|0|0|0|0|0|0|0|0|0|0|0|0|0||||||||
6|1|58|B|1|0|1|750|1|1|0|0|1|ESTRATO_1|1|0|0|0|0|0|0|0|0|0|0|0|0|0|0|0|0|0|0|0|0|0|0|0|0|0||||||||
6|1|59|B|1|0|1|750|1|1|0|0|1|ESTRATO_1|1|0|0|0|0|0|0|0|0|0|0|0|0|0|0|0|0|0|0|0|0|0|0|0|0|0||||||||
6|1|60|B|1|0|1|750|1|1|0|0|1|ESTRATO_1|1|0|0|0|0|0|0|0|0|0|0|0|0|0|0|0|0|0|0|0|0|0|0|0|0|0||||||||
6|1|61|B|1|0|1|750|1|3|0|0|1|ESTRATO_1|1|0|0|0|0|0|0|0|0|0|0|0|0|0|0|0|0|0|0|0|0|0|0|0|0|0||||||||
6|1|62|B|1|0|1|750|1|3|0|0|1|ESTRATO_1|1|0|0|0|0|0|0|0|0|0|0|0|0|0|0|0|0|0|0|0|0|0|0|0|0|0||||||||
6|1|63|B|1|0|1|750|1|2|0|0|1|ESTRATO_1|1|0|0|0|0|0|0|0|0|0|0|0|0|0|0|0|0|0|0|0|0|0|0|0|0|0||||||||
6|1|64|B|1|0|1|750|1|2|0|0|1|ESTRATO_1|1|0|0|0|0|0|0|0|0|0|0|0|0|0|0|0|0|0|0|0|0|0|0|0|0|0||||||||
6|1|65|B|1|0|1|750|1|2|0|0|1|ESTRATO_1|1|0|0|0|0|0|0|0|0|0|0|0|0|0|0|0|0|0|0|0|0|0|0|0|0|0||||||||
6|1|66|B|1|0|1|750|1|2|0|0|1|ESTRATO_1|1|0|0|0|0|0|0|0|0|0|0|0|0|0|0|0|0|0|0|0|0|0|0|0|0|0||||||||
6|1|67|B|1|0|1|750|1|2|0|0|1|ESTRATO_1|1|0|0|0|0|0|0|0|0|0|0|0|0|0|0|0|0|0|0|0|0|0|0|0|0|0||||||||
6|1|68|B|1|0|1|750|1|1|0|0|1|ESTRATO_1|1|0|0|0|0|0|0|0|0|0|0|0|0|0|0|0|0|0|0|0|0|0|0|0|0|0||||||||
6|1|69|B|1|0|1|750|1|1|0|0|1|ESTRATO_1|1|0|0|0|0|0|0|0|0|0|0|0|0|0|0|0|0|0|0|0|0|0|0|0|0|0||||||||
6|1|70|B|1|0|1|750|1|1|0|0|1|ESTRATO_1|1|0|0|0|0|0|0|0|0|0|0|0|0|0|0|0|0|0|0|0|0|0|0|0|0|0||||||||
6|1|71|B|1|0|1|750|1|1|0|0|1|ESTRATO_1|1|0|0|0|0|0|0|0|0|0|0|0|0|0|0|0|0|0|0|0|0|0|0|0|0|0||||||||
6|1|72|B|1|0|1|750|1|1|0|0|1|ESTRATO_1|1|0|0|0|0|0|0|0|0|0|0|0|0|0|0|0|0|0|0|0|0|0|0|0|0|0||||||||
6|1|73|B|1|0|1|750|1|2|0|0|1|ESTRATO_1|1|0|0|0|0|0|0|0|0|0|0|0|0|0|0|0|0|0|0|0|0|0|0|0|0|0||||||||
6|1|74|B|1|0|1|750|1|2|0|0|1|ESTRATO_1|1|0|0|0|0|0|0|0|0|0|0|0|0|0|0|0|0|0|0|0|0|0|0|0|0|0||||||||
6|1|75|B|1|0|1|750|1|3|0|0|1|ESTRATO_1|1|0|0|0|0|0|0|0|0|0|0|0|0|0|0|0|0|0|0|0|0|0|0|0|0|0||||||||
6|1|76|B|1|0|2|750|1|3|0|0|1|ESTRATO_1|1|0|0|0|0|0|0|0|0|0|0|0|0|0|0|0|0|0|0|0|0|0|0|0|0|0||||||||
6|1|77|B|1|0|2|750|1|6|0|0|1|ESTRATO_1|1|0|0|0|0|0|0|0|0|0|0|0|0|0|0|0|0|0|0|0|0|0|0|0|0|0||||||||
6|1|78|B|1|0|2|750|1|6|0|0|1|ESTRATO_1|1|0|0|0|0|0|0|0|0|0|0|0|0|0|0|0|0|0|0|0|0|0|0|0|0|0||||||||
6|1|79|B|1|0|2|750|1|6|0|0|1|ESTRATO_1|1|0|0|0|0|0|0|0|0|0|0|0|0|0|0|0|0|0|0|0|0|0|0|0|0|0||||||||
6|1|80|B|1|0|1|750|1|6|0|0|1|ESTRATO_1|1|0|0|0|0|0|0|0|0|0|0|0|0|0|0|0|0|0|0|0|0|0|0|0|0|0||||||||
6|1|81|B|1|0|2|750|1|3|0|0|1|ESTRATO_1|1|0|0|0|0|0|0|0|0|0|0|0|0|0|0|0|0|0|0|0|0|0|0|0|0|0||||||||
6|1|82|B|1|0|2|750|1|3|0|0|1|ESTRATO_1|1|0|0|0|0|0|0|0|0|0|0|0|0|0|0|0|0|0|0|0|0|0|0|0|0|0||||||||
6|1|83|B|1|0|2|750|1|3|0|0|1|ESTRATO_1|1|0|0|0|0|0|0|0|0|0|0|0|0|0|0|0|0|0|0|0|0|0|0|0|0|0||||||||
6|1|84|B|1|0|3|750|1|3|0|0|1|ESTRATO_1|1|0|0|0|0|0|0|0|0|0|0|0|0|0|0|0|0|0|0|0|0|0|0|0|0|0||||||||
6|1|85|B|1|0|3|750|1|3|0|0|1|ESTRATO_1|1|0|0|0|0|0|0|0|0|0|0|0|0|0|0|0|0|0|0|0|0|0|0|0|0|0||||||||
6|1|86|B|1|0|3|750|1|3|0|0|1|ESTRATO_1|1|0|0|0|0|0|0|0|0|0|0|0|0|0|0|0|0|0|0|0|0|0|0|0|0|0||||||||
6|1|87|B|1|0|3|750|1|3|0|0|1|ESTRATO_1|1|0|0|0|0|0|0|0|0|0|0|0|0|0|0|0|0|0|0|0|0|0|0|0|0|0||||||||
6|1|88|B|1|0|2|750|1|3|0|0|1|ESTRATO_1|1|0|0|0|0|0|0|0|0|0|0|0|0|0|0|0|0|0|0|0|0|0|0|0|0|0||||||||
6|1|89|B|1|0|2|750|1|3|0|0|1|ESTRATO_1|1|0|0|0|0|0|0|0|0|0|0|0|0|0|0|0|0|0|0|0|0|0|0|0|0|0||||||||
6|1|90|B|1|0|3|750|1|3|0|0|1|ESTRATO_1|1|0|0|0|0|0|0|0|0|0|0|0|0|0|0|0|0|0|0|0|0|0|0|0|0|0||||||||
6|1|91|B|1|0|3|750|1|3|0|0|1|ESTRATO_1|1|0|0|0|0|0|0|0|0|0|0|0|0|0|0|0|0|0|0|0|0|0|0|0|0|0||||||||
6|1|92|B|1|0|2|750|2|4|0|0|1|ESTRATO_1|1|0|0|0|0|0|0|0|0|0|0|0|0|0|0|0|0|0|0|0|0|0|0|0|0|0||||||||
6|1|93|B|1|0|2|750|2|4|0|0|1|ESTRATO_1|1|0|0|0|0|0|0|0|0|0|0|0|0|0|0|0|0|0|0|0|0|0|0|0|0|0||||||||
6|1|94|B|1|0|2|750|2|4|0|0|1|ESTRATO_1|1|0|0|0|0|0|0|0|0|0|0|0|0|0|0|0|0|0|0|0|0|0|0|0|0|0||||||||
6|1|95|B|1|0|2|750|2|4|0|0|1|ESTRATO_1|1|0|0|0|0|0|0|0|0|0|0|0|0|0|0|0|0|0|0|0|0|0|0|0|0|0||||||||
6|1|96|B|1|0|2|750|2|4|0|0|1|ESTRATO_1|1|0|0|0|0|0|0|0|0|0|0|0|0|0|0|0|0|0|0|0|0|0|0|0|0|0||||||||
6|1|97|B|1|0|3|750|2|4|0|0|1|ESTRATO_1|1|0|0|0|0|0|0|0|0|0|0|0|0|0|0|0|0|0|0|0|0|0|0|0|0|0||||||||
6|1|98|B|1|0|3|750|2|4|0|0|1|ESTRATO_1|1|0|0|0|0|0|0|0|0|0|0|0|0|0|0|0|0|0|0|0|0|0|0|0|0|0||||||||
6|1|99|B|1|0|3|750|2|4|0|0|1|ESTRATO_1|1|0|0|0|0|0|0|0|0|0|0|0|0|0|0|0|0|0|0|0|0|0|0|0|0|0||||||||
6|1|100|B|1|0|3|750|2|4|0|0|1|ESTRATO_1|1|0|0|0|0|0|0|0|0|0|0|0|0|0|0|0|0|0|0|0|0|0|0|0|0|0||||||||
6|1|101|B|1|0|3|750|2|4|0|0|1|ESTRATO_1|1|0|0|0|0|0|0|0|0|0|0|0|0|0|0|0|0|0|0|0|0|0|0|0|0|0||||||||
6|1|102|B|1|0|3|750|2|4|0|0|1|ESTRATO_1|1|0|0|0|0|0|0|0|0|0|0|0|0|0|0|0|0|0|0|0|0|0|0|0|0|0||||||||
6|1|103|B|1|0|2|750|2|4|0|0|1|ESTRATO_1|1|0|0|0|0|0|0|0|0|0|0|0|0|0|0|0|0|0|0|0|0|0|0|0|0|0||||||||
6|1|104|B|1|0|2|750|2|4|0|0|1|ESTRATO_1|1|0|0|0|0|0|0|0|0|0|0|0|0|0|0|0|0|0|0|0|0|0|0|0|0|0||||||||
6|1|105|B|1|0|2|750|3|5|0|0|1|ESTRATO_1|1|0|0|0|0|0|0|0|0|0|0|0|0|0|0|0|0|0|0|0|0|0|0|0|0|0||||||||
6|1|106|B|1|0|1|750|3|5|0|0|1|ESTRATO_1|1|0|0|0|0|0|0|0|0|0|0|0|0|0|0|0|0|0|0|0|0|0|0|0|0|0||||||||
6|1|107|B|1|0|1|750|3|5|0|0|1|ESTRATO_1|1|0|0|0|0|0|0|0|0|0|0|0|0|0|0|0|0|0|0|0|0|0|0|0|0|0||||||||
6|1|108|B|1|0|1|750|3|5|0|0|1|ESTRATO_1|1|0|0|0|0|0|0|0|0|0|0|0|0|0|0|0|0|0|0|0|0|0|0|0|0|0||||||||
6|1|109|B|1|0|1|750|3|5|0|0|1|ESTRATO_1|1|0|0|0|0|0|0|0|0|0|0|0|0|0|0|0|0|0|0|0|0|0|0|0|0|0||||||||
6|1|110|B|1|0|2|750|3|5|0|0|1|ESTRATO_1|1|0|0|0|0|0|0|0|0|0|0|0|0|0|0|0|0|0|0|0|0|0|0|0|0|0||||||||
6|1|111|B|1|0|2|750|3|5|0|0|1|ESTRATO_1|1|0|0|0|0|0|0|0|0|0|0|0|0|0|0|0|0|0|0|0|0|0|0|0|0|0||||||||
6|1|112|B|1|0|3|750|3|5|0|0|1|ESTRATO_1|1|0|0|0|0|0|0|0|0|0|0|0|0|0|0|0|0|0|0|0|0|0|0|0|0|0||||||||
6|1|113|B|1|0|3|750|3|5|0|0|1|ESTRATO_1|1|0|0|0|0|0|0|0|0|0|0|0|0|0|0|0|0|0|0|0|0|0|0|0|0|0||||||||
6|1|114|B|1|0|3|750|3|5|0|0|1|ESTRATO_1|1|0|0|0|0|0|0|0|0|0|0|0|0|0|0|0|0|0|0|0|0|0|0|0|0|0||||||||
6|1|115|B|1|0|3|750|3|5|0|0|1|ESTRATO_1|1|0|0|0|0|0|0|0|0|0|0|0|0|0|0|0|0|0|0|0|0|0|0|0|0|0||||||||
6|1|116|B|1|0|2|750|3|5|0|0|1|ESTRATO_1|1|0|0|0|0|0|0|0|0|0|0|0|0|0|0|0|0|0|0|0|0|0|0|0|0|0||||||||
6|1|117|B|1|0|2|750|3|5|0|0|1|ESTRATO_1|1|0|0|0|0|0|0|0|0|0|0|0|0|0|0|0|0|0|0|0|0|0|0|0|0|0||||||||
6|1|118|B|1|0|3|750|3|5|0|0|1|ESTRATO_1|1|0|0|0|0|0|0|0|0|0|0|0|0|0|0|0|0|0|0|0|0|0|0|0|0|0||||||||
6|1|119|B|1|0|3|750|3|5|0|0|1|ESTRATO_1|1|0|0|0|0|0|0|0|0|0|0|0|0|0|0|0|0|0|0|0|0|0|0|0|0|0||||||||
6|1|120|B|1|0|1|750|4|6|0|0|1|ESTRATO_1|1|0|0|0|0|0|0|0|0|0|0|0|0|0|0|0|0|0|0|0|0|0|0|0|0|0||||||||
6|1|121|B|1|0|2|750|4|6|0|0|1|ESTRATO_1|1|0|0|0|0|0|0|0|0|0|0|0|0|0|0|0|0|0|0|0|0|0|0|0|0|0||||||||
6|1|122|B|1|0|1|750|4|6|0|0|1|ESTRATO_1|1|0|0|0|0|0|0|0|0|0|0|0|0|0|0|0|0|0|0|0|0|0|0|0|0|0||||||||
6|1|123|B|1|0|2|750|4|6|0|0|1|ESTRATO_1|1|0|0|0|0|0|0|0|0|0|0|0|0|0|0|0|0|0|0|0|0|0|0|0|0|0||||||||
6|1|124|B|1|0|2|750|4|6|0|0|1|ESTRATO_1|1|0|0|0|0|0|0|0|0|0|0|0|0|0|0|0|0|0|0|0|0|0|0|0|0|0||||||||
6|1|125|B|1|0|2|750|4|6|0|0|1|ESTRATO_1|1|0|0|0|0|0|0|0|0|0|0|0|0|0|0|0|0|0|0|0|0|0|0|0|0|0||||||||
6|1|126|B|1|0|2|750|4|6|0|0|1|ESTRATO_1|1|0|0|0|0|0|0|0|0|0|0|0|0|0|0|0|0|0|0|0|0|0|0|0|0|0||||||||
6|1|127|B|1|0|1|750|4|6|0|0|1|ESTRATO_1|1|0|0|0|0|0|0|0|0|0|0|0|0|0|0|0|0|0|0|0|0|0|0|0|0|0||||||||
6|1|128|B|1|0|1|750|4|6|0|0|1|ESTRATO_1|1|0|0|0|0|0|0|0|0|0|0|0|0|0|0|0|0|0|0|0|0|0|0|0|0|0||||||||
6|1|129|B|1|0|2|750|4|6|0|0|1|ESTRATO_1|1|0|0|0|0|0|0|0|0|0|0|0|0|0|0|0|0|0|0|0|0|0|0|0|0|0||||||||
6|1|130|B|1|0|1|750|4|6|0|0|1|ESTRATO_1|1|0|0|0|0|0|0|0|0|0|0|0|0|0|0|0|0|0|0|0|0|0|0|0|0|0||||||||
6|1|131|B|1|0|3|750|4|6|0|0|1|ESTRATO_1|1|0|0|0|0|0|0|0|0|0|0|0|0|0|0|0|0|0|0|0|0|0|0|0|0|0||||||||
6|1|132|B|1|0|2|750|4|6|0|0|1|ESTRATO_1|1|0|0|0|0|0|0|0|0|0|0|0|0|0|0|0|0|0|0|0|0|0|0|0|0|0||||||||
6|1|133|B|1|0|3|750|4|6|0|0|1|ESTRATO_1|1|0|0|0|0|0|0|0|0|0|0|0|0|0|0|0|0|0|0|0|0|0|0|0|0|0||||||||
6|1|134|B|1|0|2|750|4|6|0|0|1|ESTRATO_1|1|0|0|0|0|0|0|0|0|0|0|0|0|0|0|0|0|0|0|0|0|0|0|0|0|0||||||||
6|1|135|B|1|0|2|750|4|6|0|0|1|ESTRATO_1|1|0|0|0|0|0|0|0|0|0|0|0|0|0|0|0|0|0|0|0|0|0|0|0|0|0||||||||
6|1|136|B|1|0|3|750|4|6|0|0|1|ESTRATO_1|1|0|0|0|0|0|0|0|0|0|0|0|0|0|0|0|0|0|0|0|0|0|0|0|0|0||||||||
6|1|137|B|1|0|3|750|4|6|0|0|1|ESTRATO_1|1|0|0|0|0|0|0|0|0|0|0|0|0|0|0|0|0|0|0|0|0|0|0|0|0|0||||||||
6|1|138|B|1|0|1|750|5|7|0|0|1|ESTRATO_1|1|0|0|0|0|0|0|0|0|0|0|0|0|0|0|0|0|0|0|0|0|0|0|0|0|0||||||||
6|1|139|B|1|0|1|750|5|7|0|0|1|ESTRATO_1|1|0|0|0|0|0|0|0|0|0|0|0|0|0|0|0|0|0|0|0|0|0|0|0|0|0||||||||
6|1|140|B|1|0|2|750|5|7|0|0|1|ESTRATO_1|1|0|0|0|0|0|0|0|0|0|0|0|0|0|0|0|0|0|0|0|0|0|0|0|0|0||||||||
6|1|141|B|1|0|1|750|5|7|0|0|1|ESTRATO_1|1|0|0|0|0|0|0|0|0|0|0|0|0|0|0|0|0|0|0|0|0|0|0|0|0|0||||||||
6|1|142|B|1|0|1|750|5|7|0|0|1|ESTRATO_1|1|0|0|0|0|0|0|0|0|0|0|0|0|0|0|0|0|0|0|0|0|0|0|0|0|0||||||||
6|1|143|B|1|0|1|750|5|7|0|0|1|ESTRATO_1|1|0|0|0|0|0|0|0|0|0|0|0|0|0|0|0|0|0|0|0|0|0|0|0|0|0||||||||
6|1|144|B|1|0|1|750|5|7|0|0|1|ESTRATO_1|1|0|0|0|0|0|0|0|0|0|0|0|0|0|0|0|0|0|0|0|0|0|0|0|0|0||||||||
6|1|145|B|1|0|2|750|5|4|0|0|1|ESTRATO_1|1|0|0|0|0|0|0|0|0|0|0|0|0|0|0|0|0|0|0|0|0|0|0|0|0|0||||||||
6|1|146|B|1|0|2|750|5|5|0|0|1|ESTRATO_1|1|0|0|0|0|0|0|0|0|0|0|0|0|0|0|0|0|0|0|0|0|0|0|0|0|0||||||||
6|1|147|B|1|0|1|750|5|7|0|0|1|ESTRATO_1|1|0|0|0|0|0|0|0|0|0|0|0|0|0|0|0|0|0|0|0|0|0|0|0|0|0||||||||
6|1|148|B|1|0|1|750|5|7|0|0|1|ESTRATO_1|1|0|0|0|0|0|0|0|0|0|0|0|0|0|0|0|0|0|0|0|0|0|0|0|0|0||||||||
6|1|149|B|1|0|1|750|5|4|0|0|1|ESTRATO_1|1|0|0|0|0|0|0|0|0|0|0|0|0|0|0|0|0|0|0|0|0|0|0|0|0|0||||||||
6|1|150|B|1|0|1|750|5|4|0|0|1|ESTRATO_1|1|0|0|0|0|0|0|0|0|0|0|0|0|0|0|0|0|0|0|0|0|0|0|0|0|0||||||||
6|1|151|B|1|0|1|750|5|7|0|0|1|ESTRATO_1|1|0|0|0|0|0|0|0|0|0|0|0|0|0|0|0|0|0|0|0|0|0|0|0|0|0||||||||
6|1|152|B|1|0|1|750|5|5|0|0|1|ESTRATO_1|1|0|0|0|0|0|0|0|0|0|0|0|0|0|0|0|0|0|0|0|0|0|0|0|0|0||||||||
6|1|153|B|1|0|1|750|5|8|0|0|1|ESTRATO_1|1|0|0|0|0|0|0|0|0|0|0|0|0|0|0|0|0|0|0|0|0|0|0|0|0|0||||||||
6|1|154|B|1|0|1|750|5|8|0|0|1|ESTRATO_1|1|0|0|0|0|0|0|0|0|0|0|0|0|0|0|0|0|0|0|0|0|0|0|0|0|0||||||||
6|1|155|B|1|0|1|750|5|7|0|0|1|ESTRATO_1|1|0|0|0|0|0|0|0|0|0|0|0|0|0|0|0|0|0|0|0|0|0|0|0|0|0||||||||
6|1|156|B|1|0|1|750|5|7|0|0|1|ESTRATO_1|1|0|0|0|0|0|0|0|0|0|0|0|0|0|0|0|0|0|0|0|0|0|0|0|0|0||||||||
6|1|157|B|1|0|1|750|5|7|0|0|1|ESTRATO_1|1|0|0|0|0|0|0|0|0|0|0|0|0|0|0|0|0|0|0|0|0|0|0|0|0|0||||||||
6|1|158|B|1|0|1|750|5|4|0|0|1|ESTRATO_1|1|0|0|0|0|0|0|0|0|0|0|0|0|0|0|0|0|0|0|0|0|0|0|0|0|0||||||||
6|1|159|B|1|0|1|750|5|4|0|0|1|ESTRATO_1|1|0|0|0|0|0|0|0|0|0|0|0|0|0|0|0|0|0|0|0|0|0|0|0|0|0||||||||
6|1|160|B|1|0|1|750|5|8|0|0|1|ESTRATO_1|1|0|0|0|0|0|0|0|0|0|0|0|0|0|0|0|0|0|0|0|0|0|0|0|0|0||||||||
6|1|161|B|1|0|1|750|5|8|0|0|1|ESTRATO_1|1|0|0|0|0|0|0|0|0|0|0|0|0|0|0|0|0|0|0|0|0|0|0|0|0|0||||||||
6|1|162|B|1|0|1|750|5|8|0|0|1|ESTRATO_1|1|0|0|0|0|0|0|0|0|0|0|0|0|0|0|0|0|0|0|0|0|0|0|0|0|0||||||||
6|1|164|B|1|0|1|750|5|8|0|0|1|ESTRATO_1|1|0|0|0|0|0|0|0|0|0|0|0|0|0|0|0|0|0|0|0|0|0|0|0|0|0||||||||
6|1|165|B|1|0|1|750|5|8|0|0|1|ESTRATO_1|1|0|0|0|0|0|0|0|0|0|0|0|0|0|0|0|0|0|0|0|0|0|0|0|0|0||||||||
6|1|166|B|1|0|3|750|5|4|0|0|1|ESTRATO_1|1|0|0|0|0|0|0|0|0|0|0|0|0|0|0|0|0|0|0|0|0|0|0|0|0|0||||||||
6|1|167|B|1|0|3|750|5|5|0|0|1|ESTRATO_1|1|0|0|0|0|0|0|0|0|0|0|0|0|0|0|0|0|0|0|0|0|0|0|0|0|0||||||||
6|1|168|B|1|0|3|750|5|5|0|0|1|ESTRATO_1|1|0|0|0|0|0|0|0|0|0|0|0|0|0|0|0|0|0|0|0|0|0|0|0|0|0||||||||
6|1|169|B|1|0|3|750|5|4|0|0|1|ESTRATO_1|1|0|0|0|0|0|0|0|0|0|0|0|0|0|0|0|0|0|0|0|0|0|0|0|0|0||||||||
6|1|337|B|1|0|1|750|5|5|0|0|1|ESTRATO_1|1|0|0|0|0|0|0|0|0|0|0|0|0|0|0|0|0|0|0|0|0|0|0|0|0|0||||||||
6|1|338|B|1|0|1|750|5|5|0|0|1|ESTRATO_1|1|0|0|0|0|0|0|0|0|0|0|0|0|0|0|0|0|0|0|0|0|0|0|0|0|0||||||||
6|1|339|B|1|0|1|750|5|8|0|0|1|ESTRATO_1|1|0|0|0|0|0|0|0|0|0|0|0|0|0|0|0|0|0|0|0|0|0|0|0|0|0||||||||
6|1|340|B|1|0|1|750|5|8|0|0|1|ESTRATO_1|1|0|0|0|0|0|0|0|0|0|0|0|0|0|0|0|0|0|0|0|0|0|0|0|0|0||||||||
6|1|341|B|1|0|1|750|5|8|0|0|1|ESTRATO_1|1|0|0|0|0|0|0|0|0|0|0|0|0|0|0|0|0|0|0|0|0|0|0|0|0|0||||||||
6|1|342|B|1|0|1|750|5|8|0|0|1|ESTRATO_1|1|0|0|0|0|0|0|0|0|0|0|0|0|0|0|0|0|0|0|0|0|0|0|0|0|0||||||||
6|1|343|B|1|0|1|750|5|8|0|0|1|ESTRATO_1|1|0|0|0|0|0|0|0|0|0|0|0|0|0|0|0|0|0|0|0|0|0|0|0|0|0||||||||
6|1|344|B|1|0|1|750|5|8|0|0|1|ESTRATO_1|1|0|0|0|0|0|0|0|0|0|0|0|0|0|0|0|0|0|0|0|0|0|0|0|0|0||||||||
6|1|345|B|1|0|1|750|5|8|0|0|1|ESTRATO_1|1|0|0|0|0|0|0|0|0|0|0|0|0|0|0|0|0|0|0|0|0|0|0|0|0|0||||||||
6|1|346|B|1|0|1|750|5|8|0|0|1|ESTRATO_1|1|0|0|0|0|0|0|0|0|0|0|0|0|0|0|0|0|0|0|0|0|0|0|0|0|0||||||||
6|1|347|B|1|0|1|750|5|8|0|0|1|ESTRATO_1|1|0|0|0|0|0|0|0|0|0|0|0|0|0|0|0|0|0|0|0|0|0|0|0|0|0||||||||
6|1|348|B|1|0|1|750|5|8|0|0|1|ESTRATO_1|1|0|0|0|0|0|0|0|0|0|0|0|0|0|0|0|0|0|0|0|0|0|0|0|0|0||||||||
6|1|349|B|1|0|1|750|5|8|0|0|1|ESTRATO_1|1|0|0|0|0|0|0|0|0|0|0|0|0|0|0|0|0|0|0|0|0|0|0|0|0|0||||||||
6|1|350|B|1|0|1|750|5|8|0|0|1|ESTRATO_1|1|0|0|0|0|0|0|0|0|0|0|0|0|0|0|0|0|0|0|0|0|0|0|0|0|0||||||||
6|1|351|B|1|0|1|750|5|8|0|0|1|ESTRATO_1|1|0|0|0|0|0|0|0|0|0|0|0|0|0|0|0|0|0|0|0|0|0|0|0|0|0||||||||
6|1|352|B|1|0|1|750|5|8|0|0|1|ESTRATO_1|1|0|0|0|0|0|0|0|0|0|0|0|0|0|0|0|0|0|0|0|0|0|0|0|0|0||||||||
6|1|353|B|1|0|1|750|5|8|0|0|1|ESTRATO_1|1|0|0|0|0|0|0|0|0|0|0|0|0|0|0|0|0|0|0|0|0|0|0|0|0|0||||||||
6|1|354|B|1|0|1|750|5|8|0|0|1|ESTRATO_1|1|0|0|0|0|0|0|0|0|0|0|0|0|0|0|0|0|0|0|0|0|0|0|0|0|0||||||||
6|1|355|B|1|0|1|750|5|8|0|0|1|ESTRATO_1|1|0|0|0|0|0|0|0|0|0|0|0|0|0|0|0|0|0|0|0|0|0|0|0|0|0||||||||
6|1|356|B|1|0|1|750|5|8|0|0|1|ESTRATO_1|1|0|0|0|0|0|0|0|0|0|0|0|0|0|0|0|0|0|0|0|0|0|0|0|0|0||||||||
6|1|357|B|1|0|1|750|5|8|0|0|1|ESTRATO_1|1|0|0|0|0|0|0|0|0|0|0|0|0|0|0|0|0|0|0|0|0|0|0|0|0|0||||||||
6|1|358|B|1|0|1|750|5|8|0|0|1|ESTRATO_1|1|0|0|0|0|0|0|0|0|0|0|0|0|0|0|0|0|0|0|0|0|0|0|0|0|0||||||||
6|1|359|B|1|0|1|750|5|8|0|0|1|ESTRATO_1|1|0|0|0|0|0|0|0|0|0|0|0|0|0|0|0|0|0|0|0|0|0|0|0|0|0||||||||
6|1|360|B|1|0|1|750|5|8|0|0|1|ESTRATO_1|1|0|0|0|0|0|0|0|0|0|0|0|0|0|0|0|0|0|0|0|0|0|0|0|0|0||||||||
6|1|361|B|1|0|1|750|5|8|0|0|1|ESTRATO_1|1|0|0|0|0|0|0|0|0|0|0|0|0|0|0|0|0|0|0|0|0|0|0|0|0|0||||||||
6|1|362|B|1|0|1|750|5|5|0|0|1|ESTRATO_1|1|0|0|0|0|0|0|0|0|0|0|0|0|0|0|0|0|0|0|0|0|0|0|0|0|0||||||||
6|1|363|B|1|0|1|750|5|5|0|0|1|ESTRATO_1|1|0|0|0|0|0|0|0|0|0|0|0|0|0|0|0|0|0|0|0|0|0|0|0|0|0||||||||
6|1|364|B|1|0|1|750|5|5|0|0|1|ESTRATO_1|1|0|0|0|0|0|0|0|0|0|0|0|0|0|0|0|0|0|0|0|0|0|0|0|0|0||||||||
6|1|365|B|1|0|1|750|5|5|0|0|1|ESTRATO_1|1|0|0|0|0|0|0|0|0|0|0|0|0|0|0|0|0|0|0|0|0|0|0|0|0|0||||||||
6|1|366|B|1|0|1|750|5|5|0|0|1|ESTRATO_1|1|0|0|0|0|0|0|0|0|0|0|0|0|0|0|0|0|0|0|0|0|0|0|0|0|0||||||||
6|1|367|B|1|0|1|750|5|5|0|0|1|ESTRATO_1|1|0|0|0|0|0|0|0|0|0|0|0|0|0|0|0|0|0|0|0|0|0|0|0|0|0||||||||
6|1|368|B|1|0|1|750|5|5|0|0|1|ESTRATO_1|1|0|0|0|0|0|0|0|0|0|0|0|0|0|0|0|0|0|0|0|0|0|0|0|0|0||||||||
6|1|369|B|1|0|1|750|5|5|0|0|1|ESTRATO_1|1|0|0|0|0|0|0|0|0|0|0|0|0|0|0|0|0|0|0|0|0|0|0|0|0|0||||||||
6|1|370|B|1|0|1|750|5|8|0|0|1|ESTRATO_1|1|0|0|0|0|0|0|0|0|0|0|0|0|0|0|0|0|0|0|0|0|0|0|0|0|0||||||||
6|1|371|B|1|0|1|750|5|8|0|0|1|ESTRATO_1|1|0|0|0|0|0|0|0|0|0|0|0|0|0|0|0|0|0|0|0|0|0|0|0|0|0||||||||
6|1|372|B|1|0|1|750|5|8|0|0|1|ESTRATO_1|1|0|0|0|0|0|0|0|0|0|0|0|0|0|0|0|0|0|0|0|0|0|0|0|0|0||||||||
6|2|170|B|1|0|2|750|6|9|0|0|2|ESTRATO_2|1|0|0|0|0|0|0|0|0|0|0|0|0|0|0|0|0|0|0|0|0|0|0|0|0|0||||||||
6|2|171|B|1|0|1|750|6|9|0|0|2|ESTRATO_2|1|0|0|0|0|0|0|0|0|0|0|0|0|0|0|0|0|0|0|0|0|0|0|0|0|0||||||||
6|2|172|B|1|0|1|750|6|9|0|0|2|ESTRATO_2|1|0|0|0|0|0|0|0|0|0|0|0|0|0|0|0|0|0|0|0|0|0|0|0|0|0||||||||
6|2|173|B|1|0|1|750|6|9|0|0|2|ESTRATO_2|1|0|0|0|0|0|0|0|0|0|0|0|0|0|0|0|0|0|0|0|0|0|0|0|0|0||||||||
6|2|174|B|1|0|2|750|6|9|0|0|2|ESTRATO_2|1|0|0|0|0|0|0|0|0|0|0|0|0|0|0|0|0|0|0|0|0|0|0|0|0|0||||||||
6|2|175|B|1|0|1|750|6|9|0|0|2|ESTRATO_2|1|0|0|0|0|0|0|0|0|0|0|0|0|0|0|0|0|0|0|0|0|0|0|0|0|0||||||||
6|2|176|B|1|0|1|750|6|9|0|0|2|ESTRATO_2|1|0|0|0|0|0|0|0|0|0|0|0|0|0|0|0|0|0|0|0|0|0|0|0|0|0||||||||
6|2|177|B|1|0|1|750|6|9|0|0|2|ESTRATO_2|1|0|0|0|0|0|0|0|0|0|0|0|0|0|0|0|0|0|0|0|0|0|0|0|0|0||||||||
6|2|178|B|1|0|2|750|6|9|0|0|2|ESTRATO_2|1|0|0|0|0|0|0|0|0|0|0|0|0|0|0|0|0|0|0|0|0|0|0|0|0|0||||||||
6|2|179|B|1|0|2|750|6|9|0|0|2|ESTRATO_2|1|0|0|0|0|0|0|0|0|0|0|0|0|0|0|0|0|0|0|0|0|0|0|0|0|0||||||||
6|2|180|B|1|0|2|750|6|9|0|0|2|ESTRATO_2|1|0|0|0|0|0|0|0|0|0|0|0|0|0|0|0|0|0|0|0|0|0|0|0|0|0||||||||
6|2|181|B|1|0|2|750|6|9|0|0|2|ESTRATO_2|1|0|0|0|0|0|0|0|0|0|0|0|0|0|0|0|0|0|0|0|0|0|0|0|0|0||||||||
6|2|182|B|1|0|2|750|6|9|0|0|2|ESTRATO_2|1|0|0|0|0|0|0|0|0|0|0|0|0|0|0|0|0|0|0|0|0|0|0|0|0|0||||||||
6|2|183|B|1|0|3|750|6|9|0|0|2|ESTRATO_2|1|0|0|0|0|0|0|0|0|0|0|0|0|0|0|0|0|0|0|0|0|0|0|0|0|0||||||||
6|2|184|B|1|0|3|750|6|9|0|0|2|ESTRATO_2|1|0|0|0|0|0|0|0|0|0|0|0|0|0|0|0|0|0|0|0|0|0|0|0|0|0||||||||
6|2|185|B|1|0|2|750|6|9|0|0|2|ESTRATO_2|1|0|0|0|0|0|0|0|0|0|0|0|0|0|0|0|0|0|0|0|0|0|0|0|0|0||||||||
6|2|186|B|1|0|1|750|6|9|0|0|2|ESTRATO_2|1|0|0|0|0|0|0|0|0|0|0|0|0|0|0|0|0|0|0|0|0|0|0|0|0|0||||||||
6|2|187|B|1|0|1|750|6|9|0|0|2|ESTRATO_2|1|0|0|0|0|0|0|0|0|0|0|0|0|0|0|0|0|0|0|0|0|0|0|0|0|0||||||||
6|2|188|B|1|0|1|750|6|9|0|0|2|ESTRATO_2|1|0|0|0|0|0|0|0|0|0|0|0|0|0|0|0|0|0|0|0|0|0|0|0|0|0||||||||
6|2|189|B|1|0|2|750|6|9|0|0|2|ESTRATO_2|1|0|0|0|0|0|0|0|0|0|0|0|0|0|0|0|0|0|0|0|0|0|0|0|0|0||||||||
6|2|190|B|1|0|1|750|6|9|0|0|2|ESTRATO_2|1|0|0|0|0|0|0|0|0|0|0|0|0|0|0|0|0|0|0|0|0|0|0|0|0|0||||||||
6|2|191|B|1|0|1|750|7|16|0|0|2|ESTRATO_2|1|0|0|0|0|0|0|0|0|0|0|0|0|0|0|0|0|0|0|0|0|0|0|0|0|0||||||||
6|2|192|B|1|0|1|750|7|16|0|0|2|ESTRATO_2|1|0|0|0|0|0|0|0|0|0|0|0|0|0|0|0|0|0|0|0|0|0|0|0|0|0||||||||
6|2|193|B|1|0|3|750|7|16|0|0|2|ESTRATO_2|1|0|0|0|0|0|0|0|0|0|0|0|0|0|0|0|0|0|0|0|0|0|0|0|0|0||||||||
6|2|194|B|1|0|3|750|7|16|0|0|2|ESTRATO_2|1|0|0|0|0|0|0|0|0|0|0|0|0|0|0|0|0|0|0|0|0|0|0|0|0|0||||||||
6|2|195|B|1|0|3|750|7|16|0|0|2|ESTRATO_2|1|0|0|0|0|0|0|0|0|0|0|0|0|0|0|0|0|0|0|0|0|0|0|0|0|0||||||||
6|2|196|B|1|0|3|750|7|16|0|0|2|ESTRATO_2|1|0|0|0|0|0|0|0|0|0|0|0|0|0|0|0|0|0|0|0|0|0|0|0|0|0||||||||
6|2|197|B|1|0|3|750|7|16|0|0|2|ESTRATO_2|1|0|0|0|0|0|0|0|0|0|0|0|0|0|0|0|0|0|0|0|0|0|0|0|0|0||||||||
6|2|199|B|1|0|3|750|7|16|0|0|2|ESTRATO_2|1|0|0|0|0|0|0|0|0|0|0|0|0|0|0|0|0|0|0|0|0|0|0|0|0|0||||||||
6|2|200|B|1|0|2|750|8|13|0|0|2|ESTRATO_2|1|0|0|0|0|0|0|0|0|0|0|0|0|0|0|0|0|0|0|0|0|0|0|0|0|0||||||||
6|2|201|B|1|0|1|750|8|13|0|0|2|ESTRATO_2|1|0|0|0|0|0|0|0|0|0|0|0|0|0|0|0|0|0|0|0|0|0|0|0|0|0||||||||
6|2|202|B|1|0|1|750|8|13|0|0|2|ESTRATO_2|1|0|0|0|0|0|0|0|0|0|0|0|0|0|0|0|0|0|0|0|0|0|0|0|0|0||||||||
6|2|203|B|1|0|1|750|8|13|0|0|2|ESTRATO_2|1|0|0|0|0|0|0|0|0|0|0|0|0|0|0|0|0|0|0|0|0|0|0|0|0|0||||||||
6|2|204|B|1|0|1|750|8|13|0|0|2|ESTRATO_2|1|0|0|0|0|0|0|0|0|0|0|0|0|0|0|0|0|0|0|0|0|0|0|0|0|0||||||||
6|2|205|B|1|0|1|750|8|13|0|0|2|ESTRATO_2|1|0|0|0|0|0|0|0|0|0|0|0|0|0|0|0|0|0|0|0|0|0|0|0|0|0||||||||
6|2|206|B|1|0|1|750|8|13|0|0|2|ESTRATO_2|1|0|0|0|0|0|0|0|0|0|0|0|0|0|0|0|0|0|0|0|0|0|0|0|0|0||||||||
6|2|207|B|1|0|1|750|8|13|0|0|2|ESTRATO_2|1|0|0|0|0|0|0|0|0|0|0|0|0|0|0|0|0|0|0|0|0|0|0|0|0|0||||||||
6|2|208|B|1|0|1|750|8|13|0|0|2|ESTRATO_2|1|0|0|0|0|0|0|0|0|0|0|0|0|0|0|0|0|0|0|0|0|0|0|0|0|0||||||||
6|2|209|B|1|0|1|750|8|13|0|0|2|ESTRATO_2|1|0|0|0|0|0|0|0|0|0|0|0|0|0|0|0|0|0|0|0|0|0|0|0|0|0||||||||
6|2|210|B|1|0|1|750|8|13|0|0|2|ESTRATO_2|1|0|0|0|0|0|0|0|0|0|0|0|0|0|0|0|0|0|0|0|0|0|0|0|0|0||||||||
6|2|211|B|1|0|1|750|8|13|0|0|2|ESTRATO_2|1|0|0|0|0|0|0|0|0|0|0|0|0|0|0|0|0|0|0|0|0|0|0|0|0|0||||||||
6|2|212|B|1|0|1|750|8|13|0|0|2|ESTRATO_2|1|0|0|0|0|0|0|0|0|0|0|0|0|0|0|0|0|0|0|0|0|0|0|0|0|0||||||||
6|2|213|B|1|0|1|750|8|13|0|0|2|ESTRATO_2|1|0|0|0|0|0|0|0|0|0|0|0|0|0|0|0|0|0|0|0|0|0|0|0|0|0||||||||
6|2|214|B|1|0|1|750|8|13|0|0|2|ESTRATO_2|1|0|0|0|0|0|0|0|0|0|0|0|0|0|0|0|0|0|0|0|0|0|0|0|0|0||||||||
6|2|215|B|1|0|1|750|8|9|0|0|2|ESTRATO_2|1|0|0|0|0|0|0|0|0|0|0|0|0|0|0|0|0|0|0|0|0|0|0|0|0|0||||||||
6|2|216|B|1|0|1|750|8|13|0|0|2|ESTRATO_2|1|0|0|0|0|0|0|0|0|0|0|0|0|0|0|0|0|0|0|0|0|0|0|0|0|0||||||||
6|2|217|B|1|0|1|750|8|13|0|0|2|ESTRATO_2|1|0|0|0|0|0|0|0|0|0|0|0|0|0|0|0|0|0|0|0|0|0|0|0|0|0||||||||
6|2|218|B|1|0|1|750|8|13|0|0|2|ESTRATO_2|1|0|0|0|0|0|0|0|0|0|0|0|0|0|0|0|0|0|0|0|0|0|0|0|0|0||||||||
6|2|219|B|1|0|1|750|8|13|0|0|2|ESTRATO_2|1|0|0|0|0|0|0|0|0|0|0|0|0|0|0|0|0|0|0|0|0|0|0|0|0|0||||||||
6|2|220|B|1|0|1|750|8|13|0|0|2|ESTRATO_2|1|0|0|0|0|0|0|0|0|0|0|0|0|0|0|0|0|0|0|0|0|0|0|0|0|0||||||||
6|2|221|B|1|0|1|750|8|13|0|0|2|ESTRATO_2|1|0|0|0|0|0|0|0|0|0|0|0|0|0|0|0|0|0|0|0|0|0|0|0|0|0||||||||
6|2|222|B|1|0|3|750|8|14|0|0|2|ESTRATO_2|1|0|0|0|0|0|0|0|0|0|0|0|0|0|0|0|0|0|0|0|0|0|0|0|0|0||||||||
6|2|223|B|1|0|3|750|8|14|0|0|2|ESTRATO_2|1|0|0|0|0|0|0|0|0|0|0|0|0|0|0|0|0|0|0|0|0|0|0|0|0|0||||||||
6|2|224|B|1|0|3|750|8|14|0|0|2|ESTRATO_2|1|0|0|0|0|0|0|0|0|0|0|0|0|0|0|0|0|0|0|0|0|0|0|0|0|0||||||||
6|2|225|B|1|0|2|750|8|14|0|0|2|ESTRATO_2|1|0|0|0|0|0|0|0|0|0|0|0|0|0|0|0|0|0|0|0|0|0|0|0|0|0||||||||
6|2|226|B|1|0|2|750|8|14|0|0|2|ESTRATO_2|1|0|0|0|0|0|0|0|0|0|0|0|0|0|0|0|0|0|0|0|0|0|0|0|0|0||||||||
6|2|227|B|1|0|3|750|8|14|0|0|2|ESTRATO_2|1|0|0|0|0|0|0|0|0|0|0|0|0|0|0|0|0|0|0|0|0|0|0|0|0|0||||||||
6|2|228|B|1|0|3|750|8|14|0|0|2|ESTRATO_2|1|0|0|0|0|0|0|0|0|0|0|0|0|0|0|0|0|0|0|0|0|0|0|0|0|0||||||||
6|2|229|B|1|0|3|750|8|14|0|0|2|ESTRATO_2|1|0|0|0|0|0|0|0|0|0|0|0|0|0|0|0|0|0|0|0|0|0|0|0|0|0||||||||
6|2|230|B|1|0|3|750|8|14|0|0|2|ESTRATO_2|1|0|0|0|0|0|0|0|0|0|0|0|0|0|0|0|0|0|0|0|0|0|0|0|0|0||||||||
6|2|231|B|1|0|3|750|8|14|0|0|2|ESTRATO_2|1|0|0|0|0|0|0|0|0|0|0|0|0|0|0|0|0|0|0|0|0|0|0|0|0|0||||||||
6|2|232|B|1|0|2|750|8|14|0|0|2|ESTRATO_2|1|0|0|0|0|0|0|0|0|0|0|0|0|0|0|0|0|0|0|0|0|0|0|0|0|0||||||||
6|2|233|B|1|0|2|750|8|14|0|0|2|ESTRATO_2|1|0|0|0|0|0|0|0|0|0|0|0|0|0|0|0|0|0|0|0|0|0|0|0|0|0||||||||
6|2|234|B|1|0|2|750|8|14|0|0|2|ESTRATO_2|1|0|0|0|0|0|0|0|0|0|0|0|0|0|0|0|0|0|0|0|0|0|0|0|0|0||||||||
6|2|235|B|1|0|1|750|8|11|0|0|2|ESTRATO_2|1|0|0|0|0|0|0|0|0|0|0|0|0|0|0|0|0|0|0|0|0|0|0|0|0|0||||||||
6|2|236|B|1|0|2|750|8|11|0|0|2|ESTRATO_2|1|0|0|0|0|0|0|0|0|0|0|0|0|0|0|0|0|0|0|0|0|0|0|0|0|0||||||||
6|2|237|B|1|0|1|750|8|11|0|0|2|ESTRATO_2|1|0|0|0|0|0|0|0|0|0|0|0|0|0|0|0|0|0|0|0|0|0|0|0|0|0||||||||
6|2|238|B|1|0|2|750|8|11|0|0|2|ESTRATO_2|1|0|0|0|0|0|0|0|0|0|0|0|0|0|0|0|0|0|0|0|0|0|0|0|0|0||||||||
6|2|239|B|1|0|1|750|8|11|0|0|2|ESTRATO_2|1|0|0|0|0|0|0|0|0|0|0|0|0|0|0|0|0|0|0|0|0|0|0|0|0|0||||||||
6|2|240|B|1|0|1|750|8|11|0|0|2|ESTRATO_2|1|0|0|0|0|0|0|0|0|0|0|0|0|0|0|0|0|0|0|0|0|0|0|0|0|0||||||||
6|2|241|B|1|0|1|750|8|11|0|0|2|ESTRATO_2|1|0|0|0|0|0|0|0|0|0|0|0|0|0|0|0|0|0|0|0|0|0|0|0|0|0||||||||
6|2|242|B|1|0|1|750|8|14|0|0|2|ESTRATO_2|1|0|0|0|0|0|0|0|0|0|0|0|0|0|0|0|0|0|0|0|0|0|0|0|0|0||||||||
6|2|243|B|1|0|1|750|8|11|0|0|2|ESTRATO_2|1|0|0|0|0|0|0|0|0|0|0|0|0|0|0|0|0|0|0|0|0|0|0|0|0|0||||||||
6|2|244|B|1|0|1|750|8|12|0|0|2|ESTRATO_2|1|0|0|0|0|0|0|0|0|0|0|0|0|0|0|0|0|0|0|0|0|0|0|0|0|0||||||||
6|2|245|B|1|0|1|750|8|11|0|0|2|ESTRATO_2|1|0|0|0|0|0|0|0|0|0|0|0|0|0|0|0|0|0|0|0|0|0|0|0|0|0||||||||
6|2|246|B|1|0|1|750|8|12|0|0|2|ESTRATO_2|1|0|0|0|0|0|0|0|0|0|0|0|0|0|0|0|0|0|0|0|0|0|0|0|0|0||||||||
6|2|247|B|1|0|1|750|8|12|0|0|2|ESTRATO_2|1|0|0|0|0|0|0|0|0|0|0|0|0|0|0|0|0|0|0|0|0|0|0|0|0|0||||||||
6|2|248|B|1|0|2|750|8|12|0|0|2|ESTRATO_2|1|0|0|0|0|0|0|0|0|0|0|0|0|0|0|0|0|0|0|0|0|0|0|0|0|0||||||||
6|2|249|B|1|0|1|750|8|12|0|0|2|ESTRATO_2|1|0|0|0|0|0|0|0|0|0|0|0|0|0|0|0|0|0|0|0|0|0|0|0|0|0||||||||
6|2|250|B|1|0|1|750|8|12|0|0|2|ESTRATO_2|1|0|0|0|0|0|0|0|0|0|0|0|0|0|0|0|0|0|0|0|0|0|0|0|0|0||||||||
6|2|251|B|1|0|1|750|8|14|0|0|2|ESTRATO_2|1|0|0|0|0|0|0|0|0|0|0|0|0|0|0|0|0|0|0|0|0|0|0|0|0|0||||||||
6|2|252|B|1|0|1|750|8|14|0|0|2|ESTRATO_2|1|0|0|0|0|0|0|0|0|0|0|0|0|0|0|0|0|0|0|0|0|0|0|0|0|0||||||||
6|2|253|B|1|0|1|750|8|14|0|0|2|ESTRATO_2|1|0|0|0|0|0|0|0|0|0|0|0|0|0|0|0|0|0|0|0|0|0|0|0|0|0||||||||
6|2|254|B|1|0|1|750|8|14|0|0|2|ESTRATO_2|1|0|0|0|0|0|0|0|0|0|0|0|0|0|0|0|0|0|0|0|0|0|0|0|0|0||||||||
6|2|255|B|1|0|1|750|8|14|0|0|2|ESTRATO_2|1|0|0|0|0|0|0|0|0|0|0|0|0|0|0|0|0|0|0|0|0|0|0|0|0|0||||||||
6|2|256|B|1|0|1|750|8|14|0|0|2|ESTRATO_2|1|0|0|0|0|0|0|0|0|0|0|0|0|0|0|0|0|0|0|0|0|0|0|0|0|0||||||||
6|2|257|B|1|0|1|750|8|14|0|0|2|ESTRATO_2|1|0|0|0|0|0|0|0|0|0|0|0|0|0|0|0|0|0|0|0|0|0|0|0|0|0||||||||
6|2|258|B|1|0|1|750|8|13|0|0|2|ESTRATO_2|1|0|0|0|0|0|0|0|0|0|0|0|0|0|0|0|0|0|0|0|0|0|0|0|0|0||||||||
6|2|259|B|1|0|1|750|8|13|0|0|2|ESTRATO_2|1|0|0|0|0|0|0|0|0|0|0|0|0|0|0|0|0|0|0|0|0|0|0|0|0|0||||||||
6|2|260|B|1|0|1|750|8|14|0|0|2|ESTRATO_2|1|0|0|0|0|0|0|0|0|0|0|0|0|0|0|0|0|0|0|0|0|0|0|0|0|0||||||||
6|2|261|B|1|0|1|750|8|9|0|0|2|ESTRATO_2|1|0|0|0|0|0|0|0|0|0|0|0|0|0|0|0|0|0|0|0|0|0|0|0|0|0||||||||
6|2|262|B|1|0|1|750|8|13|0|0|2|ESTRATO_2|1|0|0|0|0|0|0|0|0|0|0|0|0|0|0|0|0|0|0|0|0|0|0|0|0|0||||||||
6|2|263|B|1|0|1|750|8|9|0|0|2|ESTRATO_2|1|0|0|0|0|0|0|0|0|0|0|0|0|0|0|0|0|0|0|0|0|0|0|0|0|0||||||||
6|2|264|B|1|0|2|750|8|9|0|0|2|ESTRATO_2|1|0|0|0|0|0|0|0|0|0|0|0|0|0|0|0|0|0|0|0|0|0|0|0|0|0||||||||
6|2|265|B|1|0|3|750|8|9|0|0|2|ESTRATO_2|1|0|0|0|0|0|0|0|0|0|0|0|0|0|0|0|0|0|0|0|0|0|0|0|0|0||||||||
6|2|266|B|1|0|2|750|8|9|0|0|2|ESTRATO_2|1|0|0|0|0|0|0|0|0|0|0|0|0|0|0|0|0|0|0|0|0|0|0|0|0|0||||||||
6|2|267|B|1|0|2|750|8|9|0|0|2|ESTRATO_2|1|0|0|0|0|0|0|0|0|0|0|0|0|0|0|0|0|0|0|0|0|0|0|0|0|0||||||||
6|2|268|B|1|0|2|750|8|13|0|0|2|ESTRATO_2|1|0|0|0|0|0|0|0|0|0|0|0|0|0|0|0|0|0|0|0|0|0|0|0|0|0||||||||
6|2|269|B|1|0|1|750|8|13|0|0|2|ESTRATO_2|1|0|0|0|0|0|0|0|0|0|0|0|0|0|0|0|0|0|0|0|0|0|0|0|0|0||||||||
6|2|270|B|1|0|2|750|9|14|0|0|2|ESTRATO_2|1|0|0|0|0|0|0|0|0|0|0|0|0|0|0|0|0|0|0|0|0|0|0|0|0|0||||||||
6|2|271|B|1|0|2|750|9|14|0|0|2|ESTRATO_2|1|0|0|0|0|0|0|0|0|0|0|0|0|0|0|0|0|0|0|0|0|0|0|0|0|0||||||||
6|2|272|B|1|0|2|750|9|14|0|0|2|ESTRATO_2|1|0|0|0|0|0|0|0|0|0|0|0|0|0|0|0|0|0|0|0|0|0|0|0|0|0||||||||
6|2|273|B|1|0|3|750|9|14|0|0|2|ESTRATO_2|1|0|0|0|0|0|0|0|0|0|0|0|0|0|0|0|0|0|0|0|0|0|0|0|0|0||||||||
6|2|274|B|1|0|3|750|9|14|0|0|2|ESTRATO_2|1|0|0|0|0|0|0|0|0|0|0|0|0|0|0|0|0|0|0|0|0|0|0|0|0|0||||||||
6|2|275|B|1|0|3|750|9|14|0|0|2|ESTRATO_2|1|0|0|0|0|0|0|0|0|0|0|0|0|0|0|0|0|0|0|0|0|0|0|0|0|0||||||||
6|2|276|B|1|0|3|750|9|14|0|0|2|ESTRATO_2|1|0|0|0|0|0|0|0|0|0|0|0|0|0|0|0|0|0|0|0|0|0|0|0|0|0||||||||
6|2|277|B|1|0|2|750|10|10|0|0|2|ESTRATO_2|1|0|0|0|0|0|0|0|0|0|0|0|0|0|0|0|0|0|0|0|0|0|0|0|0|0||||||||
6|2|278|B|1|0|1|750|10|10|0|0|2|ESTRATO_2|1|0|0|0|0|0|0|0|0|0|0|0|0|0|0|0|0|0|0|0|0|0|0|0|0|0||||||||
6|2|279|B|1|0|1|750|10|10|0|0|2|ESTRATO_2|1|0|0|0|0|0|0|0|0|0|0|0|0|0|0|0|0|0|0|0|0|0|0|0|0|0||||||||
6|2|280|B|1|0|2|750|10|10|0|0|2|ESTRATO_2|1|0|0|0|0|0|0|0|0|0|0|0|0|0|0|0|0|0|0|0|0|0|0|0|0|0||||||||
6|2|281|B|1|0|1|750|10|10|0|0|2|ESTRATO_2|1|0|0|0|0|0|0|0|0|0|0|0|0|0|0|0|0|0|0|0|0|0|0|0|0|0||||||||
6|2|282|B|1|0|1|750|10|10|0|0|2|ESTRATO_2|1|0|0|0|0|0|0|0|0|0|0|0|0|0|0|0|0|0|0|0|0|0|0|0|0|0||||||||
6|2|283|B|1|0|1|750|10|10|0|0|2|ESTRATO_2|1|0|0|0|0|0|0|0|0|0|0|0|0|0|0|0|0|0|0|0|0|0|0|0|0|0||||||||
6|2|284|B|1|0|1|750|10|10|0|0|2|ESTRATO_2|1|0|0|0|0|0|0|0|0|0|0|0|0|0|0|0|0|0|0|0|0|0|0|0|0|0||||||||
6|2|285|B|1|0|1|750|10|10|0|0|2|ESTRATO_2|1|0|0|0|0|0|0|0|0|0|0|0|0|0|0|0|0|0|0|0|0|0|0|0|0|0||||||||
6|2|286|B|1|0|2|750|10|16|0|0|2|ESTRATO_2|1|0|0|0|0|0|0|0|0|0|0|0|0|0|0|0|0|0|0|0|0|0|0|0|0|0||||||||
6|2|287|B|1|0|1|750|10|10|0|0|2|ESTRATO_2|1|0|0|0|0|0|0|0|0|0|0|0|0|0|0|0|0|0|0|0|0|0|0|0|0|0||||||||
6|2|288|B|1|0|1|750|10|10|0|0|2|ESTRATO_2|1|0|0|0|0|0|0|0|0|0|0|0|0|0|0|0|0|0|0|0|0|0|0|0|0|0||||||||
6|2|289|B|1|0|1|750|10|16|0|0|2|ESTRATO_2|1|0|0|0|0|0|0|0|0|0|0|0|0|0|0|0|0|0|0|0|0|0|0|0|0|0||||||||
6|2|290|B|1|0|2|750|10|16|0|0|2|ESTRATO_2|1|0|0|0|0|0|0|0|0|0|0|0|0|0|0|0|0|0|0|0|0|0|0|0|0|0||||||||
6|2|291|B|1|0|1|750|10|10|0|0|2|ESTRATO_2|1|0|0|0|0|0|0|0|0|0|0|0|0|0|0|0|0|0|0|0|0|0|0|0|0|0||||||||
6|2|292|B|1|0|1|750|10|10|0|0|2|ESTRATO_2|1|0|0|0|0|0|0|0|0|0|0|0|0|0|0|0|0|0|0|0|0|0|0|0|0|0||||||||
6|2|293|B|1|0|1|750|10|10|0|0|2|ESTRATO_2|1|0|0|0|0|0|0|0|0|0|0|0|0|0|0|0|0|0|0|0|0|0|0|0|0|0||||||||
6|2|294|B|1|0|1|750|10|10|0|0|2|ESTRATO_2|1|0|0|0|0|0|0|0|0|0|0|0|0|0|0|0|0|0|0|0|0|0|0|0|0|0||||||||
6|2|295|B|1|0|1|750|10|16|0|0|2|ESTRATO_2|1|0|0|0|0|0|0|0|0|0|0|0|0|0|0|0|0|0|0|0|0|0|0|0|0|0||||||||
6|2|296|B|1|0|1|750|10|16|0|0|2|ESTRATO_2|1|0|0|0|0|0|0|0|0|0|0|0|0|0|0|0|0|0|0|0|0|0|0|0|0|0||||||||
6|2|297|B|1|0|1|750|10|16|0|0|2|ESTRATO_2|1|0|0|0|0|0|0|0|0|0|0|0|0|0|0|0|0|0|0|0|0|0|0|0|0|0||||||||
6|2|298|B|1|0|2|750|10|15|0|0|2|ESTRATO_2|1|0|0|0|0|0|0|0|0|0|0|0|0|0|0|0|0|0|0|0|0|0|0|0|0|0||||||||
6|2|299|B|1|0|1|750|10|10|0|0|2|ESTRATO_2|1|0|0|0|0|0|0|0|0|0|0|0|0|0|0|0|0|0|0|0|0|0|0|0|0|0||||||||
6|2|300|B|1|0|1|750|10|10|0|0|2|ESTRATO_2|1|0|0|0|0|0|0|0|0|0|0|0|0|0|0|0|0|0|0|0|0|0|0|0|0|0||||||||
6|2|301|B|1|0|1|750|10|16|0|0|2|ESTRATO_2|1|0|0|0|0|0|0|0|0|0|0|0|0|0|0|0|0|0|0|0|0|0|0|0|0|0||||||||
6|2|302|B|1|0|1|750|10|15|0|0|2|ESTRATO_2|1|0|0|0|0|0|0|0|0|0|0|0|0|0|0|0|0|0|0|0|0|0|0|0|0|0||||||||
6|2|303|B|1|0|1|750|10|15|0|0|2|ESTRATO_2|1|0|0|0|0|0|0|0|0|0|0|0|0|0|0|0|0|0|0|0|0|0|0|0|0|0||||||||
6|2|304|B|1|0|1|750|10|15|0|0|2|ESTRATO_2|1|0|0|0|0|0|0|0|0|0|0|0|0|0|0|0|0|0|0|0|0|0|0|0|0|0||||||||
6|2|305|B|1|0|1|750|10|15|0|0|2|ESTRATO_2|1|0|0|0|0|0|0|0|0|0|0|0|0|0|0|0|0|0|0|0|0|0|0|0|0|0||||||||
6|2|306|B|1|0|1|750|10|15|0|0|2|ESTRATO_2|1|0|0|0|0|0|0|0|0|0|0|0|0|0|0|0|0|0|0|0|0|0|0|0|0|0||||||||
6|2|307|B|1|0|2|750|10|15|0|0|2|ESTRATO_2|1|0|0|0|0|0|0|0|0|0|0|0|0|0|0|0|0|0|0|0|0|0|0|0|0|0||||||||
6|2|308|B|1|0|1|750|10|15|0|0|2|ESTRATO_2|1|0|0|0|0|0|0|0|0|0|0|0|0|0|0|0|0|0|0|0|0|0|0|0|0|0||||||||
6|2|309|B|1|0|2|750|10|15|0|0|2|ESTRATO_2|1|0|0|0|0|0|0|0|0|0|0|0|0|0|0|0|0|0|0|0|0|0|0|0|0|0||||||||
6|2|310|B|1|0|1|750|10|15|0|0|2|ESTRATO_2|1|0|0|0|0|0|0|0|0|0|0|0|0|0|0|0|0|0|0|0|0|0|0|0|0|0||||||||
6|2|311|B|1|0|1|750|10|15|0|0|2|ESTRATO_2|1|0|0|0|0|0|0|0|0|0|0|0|0|0|0|0|0|0|0|0|0|0|0|0|0|0||||||||
6|2|312|B|1|0|1|750|10|15|0|0|2|ESTRATO_2|1|0|0|0|0|0|0|0|0|0|0|0|0|0|0|0|0|0|0|0|0|0|0|0|0|0||||||||
6|2|313|B|1|0|1|750|10|15|0|0|2|ESTRATO_2|1|0|0|0|0|0|0|0|0|0|0|0|0|0|0|0|0|0|0|0|0|0|0|0|0|0||||||||
6|2|314|B|1|0|1|750|10|15|0|0|2|ESTRATO_2|1|0|0|0|0|0|0|0|0|0|0|0|0|0|0|0|0|0|0|0|0|0|0|0|0|0||||||||
6|2|315|B|1|0|1|750|10|15|0|0|2|ESTRATO_2|1|0|0|0|0|0|0|0|0|0|0|0|0|0|0|0|0|0|0|0|0|0|0|0|0|0||||||||
6|2|316|B|1|0|2|750|10|15|0|0|2|ESTRATO_2|1|0|0|0|0|0|0|0|0|0|0|0|0|0|0|0|0|0|0|0|0|0|0|0|0|0||||||||
6|2|317|B|1|0|2|750|10|16|0|0|2|ESTRATO_2|1|0|0|0|0|0|0|0|0|0|0|0|0|0|0|0|0|0|0|0|0|0|0|0|0|0||||||||
6|2|318|B|1|0|1|750|10|16|0|0|2|ESTRATO_2|1|0|0|0|0|0|0|0|0|0|0|0|0|0|0|0|0|0|0|0|0|0|0|0|0|0||||||||
6|2|319|B|1|0|2|750|10|16|0|0|2|ESTRATO_2|1|0|0|0|0|0|0|0|0|0|0|0|0|0|0|0|0|0|0|0|0|0|0|0|0|0||||||||
6|2|320|B|1|0|3|750|10|16|0|0|2|ESTRATO_2|1|0|0|0|0|0|0|0|0|0|0|0|0|0|0|0|0|0|0|0|0|0|0|0|0|0||||||||
6|2|321|B|1|0|3|750|10|16|0|0|2|ESTRATO_2|1|0|0|0|0|0|0|0|0|0|0|0|0|0|0|0|0|0|0|0|0|0|0|0|0|0||||||||
6|2|322|B|1|0|1|750|10|15|0|0|2|ESTRATO_2|1|0|0|0|0|0|0|0|0|0|0|0|0|0|0|0|0|0|0|0|0|0|0|0|0|0||||||||
6|2|323|B|1|0|2|750|10|15|0|0|2|ESTRATO_2|1|0|0|0|0|0|0|0|0|0|0|0|0|0|0|0|0|0|0|0|0|0|0|0|0|0||||||||
6|2|324|B|1|0|1|750|10|15|0|0|2|ESTRATO_2|1|0|0|0|0|0|0|0|0|0|0|0|0|0|0|0|0|0|0|0|0|0|0|0|0|0||||||||
6|2|325|B|1|0|2|750|10|16|0|0|2|ESTRATO_2|1|0|0|0|0|0|0|0|0|0|0|0|0|0|0|0|0|0|0|0|0|0|0|0|0|0||||||||
6|2|326|B|1|0|1|750|10|16|0|0|2|ESTRATO_2|1|0|0|0|0|0|0|0|0|0|0|0|0|0|0|0|0|0|0|0|0|0|0|0|0|0||||||||
6|2|327|B|1|0|3|750|10|16|0|0|2|ESTRATO_2|1|0|0|0|0|0|0|0|0|0|0|0|0|0|0|0|0|0|0|0|0|0|0|0|0|0||||||||
6|2|328|B|1|0|3|750|10|15|0|0|2|ESTRATO_2|1|0|0|0|0|0|0|0|0|0|0|0|0|0|0|0|0|0|0|0|0|0|0|0|0|0||||||||
6|2|329|B|1|0|2|750|10|16|0|0|2|ESTRATO_2|1|0|0|0|0|0|0|0|0|0|0|0|0|0|0|0|0|0|0|0|0|0|0|0|0|0||||||||
6|2|330|B|1|0|3|750|10|16|0|0|2|ESTRATO_2|1|0|0|0|0|0|0|0|0|0|0|0|0|0|0|0|0|0|0|0|0|0|0|0|0|0||||||||
6|2|331|B|1|0|3|750|10|16|0|0|2|ESTRATO_2|1|0|0|0|0|0|0|0|0|0|0|0|0|0|0|0|0|0|0|0|0|0|0|0|0|0||||||||
6|2|332|B|1|0|3|750|10|16|0|0|2|ESTRATO_2|1|0|0|0|0|0|0|0|0|0|0|0|0|0|0|0|0|0|0|0|0|0|0|0|0|0||||||||
6|2|333|B|1|0|3|750|10|16|0|0|2|ESTRATO_2|1|0|0|0|0|0|0|0|0|0|0|0|0|0|0|0|0|0|0|0|0|0|0|0|0|0||||||||
6|2|334|B|1|0|2|750|10|16|0|0|2|ESTRATO_2|1|0|0|0|0|0|0|0|0|0|0|0|0|0|0|0|0|0|0|0|0|0|0|0|0|0||||||||
6|2|335|B|1|0|1|750|10|16|0|0|2|ESTRATO_2|1|0|0|0|0|0|0|0|0|0|0|0|0|0|0|0|0|0|0|0|0|0|0|0|0|0||||||||
6|2|336|B|1|0|2|750|10|16|0|0|2|ESTRATO_2|1|0|0|0|0|0|0|0|0|0|0|0|0|0|0|0|0|0|0|0|0|0|0|0|0|0||||||||
